00:15:00;900;1;;;;;;;;;;;;;;;;;;;;;;;;;;;;;;;;
00:15:00;900;2;;;;;;;;;;;;;;;;;;;;;;;;;;;;;;;;
00:15:00;900;3;;;;;;;;;;;;;;;;;;;;;;;;;;;;;;;;
00:15:00;900;4;;;;;;;;;;;;;;;;;;;;;;;;;;;;;;;;
00:30:00;900;1;;;;;;;;;;;;;;;;;;;;;;;;;;;;;;;;
00:30:00;900;2;;;;;;;;;;;;;;;;;;;;;;;;;;;;;;;;
00:30:00;900;3;;;;;;;;;;;;;;;;;;;;;;;;;;;;;;;;
00:30:00;900;4;;;;;;;;;;;;;;;;;;;;;;;;;;;;;;;;
00:45:00;900;1;;;;;;;;;;;;;;;;;;;;;;;;;;;;;;;;
00:45:00;900;2;;;;;;;;;;;;;;;;;;;;;;;;;;;;;;;;
00:45:00;900;3;;;;;;;;;;;;;;;;;;;;;;;;;;;;;;;;
00:45:00;900;4;;;;;;;;;;;;;;;;;;;;;;;;;;;;;;;;
01:00:00;900;1;;;;;;;;;;;;;;;;;;;;;;;;;;;;;;;;
01:00:00;900;2;;;;;;;;;;;;;;;;;;;;;;;;;;;;;;;;
01:00:00;900;3;;;;;;;;;;;;;;;;;;;;;;;;;;;;;;;;
01:00:00;900;4;;;;;;;;;;;;;;;;;;;;;;;;;;;;;;;;
01:15:00;900;1;;;;;;;;;;;;;;;;;;;;;;;;;;;;;;;;
01:15:00;900;2;;;;;;;;;;;;;;;;;;;;;;;;;;;;;;;;
01:15:00;900;3;;;;;;;;;;;;;;;;;;;;;;;;;;;;;;;;
01:15:00;900;4;;;;;;;;;;;;;;;;;;;;;;;;;;;;;;;;
01:30:00;900;1;;;;;;;;;;;;;;;;;;;;;;;;;;;;;;;;
01:30:00;900;2;;;;;;;;;;;;;;;;;;;;;;;;;;;;;;;;
01:30:00;900;3;;;;;;;;;;;;;;;;;;;;;;;;;;;;;;;;
01:30:00;900;4;;;;;;;;;;;;;;;;;;;;;;;;;;;;;;;;
01:45:00;900;1;;;;;;;;;;;;;;;;;;;;;;;;;;;;;;;;
01:45:00;900;2;;;;;;;;;;;;;;;;;;;;;;;;;;;;;;;;
01:45:00;900;3;;;;;;;;;;;;;;;;;;;;;;;;;;;;;;;;
01:45:00;900;4;;;;;;;;;;;;;;;;;;;;;;;;;;;;;;;;
02:00:00;900;1;;;;;;;;;;;;;;;;;;;;;;;;;;;;;;;;
02:00:00;900;2;;;;;;;;;;;;;;;;;;;;;;;;;;;;;;;;
02:00:00;900;3;;;;;;;;;;;;;;;;;;;;;;;;;;;;;;;;
02:00:00;900;4;;;;;;;;;;;;;;;;;;;;;;;;;;;;;;;;
Info;Time
02:15:00;194;1;;;;;;;;;;;;;;;;;;;;;;;;;;;;;;;;
02:15:00;194;2;;;;;;;;;;;;;;;;;;;;;;;;;;;;;;;;
02:15:00;194;3;;;;;;;;;;;;;;;;;;;;;;;;;;;;;;;;
02:15:00;194;4;;;;;;;;;;;;;;;;;;;;;;;;;;;;;;;;
02:30:00;900;1;;;;;;;;;;;;;;;;;;;;;;;;;;;;;;;;
02:30:00;900;2;;;;;;;;;;;;;;;;;;;;;;;;;;;;;;;;
02:30:00;900;3;;;;;;;;;;;;;;;;;;;;;;;;;;;;;;;;
02:30:00;900;4;;;;;;;;;;;;;;;;;;;;;;;;;;;;;;;;
02:45:00;900;1;;;;;;;;;;;;;;;;;;;;;;;;;;;;;;;;
02:45:00;900;2;;;;;;;;;;;;;;;;;;;;;;;;;;;;;;;;
02:45:00;900;3;;;;;;;;;;;;;;;;;;;;;;;;;;;;;;;;
02:45:00;900;4;;;;;;;;;;;;;;;;;;;;;;;;;;;;;;;;
03:00:00;900;1;;;;;;;;;;;;;;;;;;;;;;;;;;;;;;;;
03:00:00;900;2;;;;;;;;;;;;;;;;;;;;;;;;;;;;;;;;
03:00:00;900;3;;;;;;;;;;;;;;;;;;;;;;;;;;;;;;;;
03:00:00;900;4;;;;;;;;;;;;;;;;;;;;;;;;;;;;;;;;
03:15:00;900;1;;;;;;;;;;;;;;;;;;;;;;;;;;;;;;;;
03:15:00;900;2;;;;;;;;;;;;;;;;;;;;;;;;;;;;;;;;
03:15:00;900;3;;;;;;;;;;;;;;;;;;;;;;;;;;;;;;;;
03:15:00;900;4;;;;;;;;;;;;;;;;;;;;;;;;;;;;;;;;
03:30:00;900;1;;;;;;;;;;;;;;;;;;;;;;;;;;;;;;;;
03:30:00;900;2;;;;;;;;;;;;;;;;;;;;;;;;;;;;;;;;
03:30:00;900;3;;;;;;;;;;;;;;;;;;;;;;;;;;;;;;;;
03:30:00;900;4;;;;;;;;;;;;;;;;;;;;;;;;;;;;;;;;
03:45:00;900;1;;;;;;;;;;;;;;;;;;;;;;;;;;;;;;;;
03:45:00;900;2;;;;;;;;;;;;;;;;;;;;;;;;;;;;;;;;
03:45:00;900;3;;;;;;;;;;;;;;;;;;;;;;;;;;;;;;;;
03:45:00;900;4;;;;;;;;;;;;;;;;;;;;;;;;;;;;;;;;
04:00:00;900;1;;;;;;;;;;;;;;;;;;;;;;;;;;;;;;;;
04:00:00;900;2;;;;;;;;;;;;;;;;;;;;;;;;;;;;;;;;
04:00:00;900;3;;;;;;;;;;;;;;;;;;;;;;;;;;;;;;;;
04:00:00;900;4;;;;;;;;;;;;;;;;;;;;;;;;;;;;;;;;
04:15:00;900;1;;;;;;;;;;;;;;;;;;;;;;;;;;;;;;;;
04:15:00;900;2;;;;;;;;;;;;;;;;;;;;;;;;;;;;;;;;
04:15:00;900;3;;;;;;;;;;;;;;;;;;;;;;;;;;;;;;;;
04:15:00;900;4;;;;;;;;;;;;;;;;;;;;;;;;;;;;;;;;
04:30:00;900;1;;;;;;;;;;;;;;;;;;;;;;;;;;;;;;;;
04:30:00;900;2;;;;;;;;;;;;;;;;;;;;;;;;;;;;;;;;
04:30:00;900;3;;;;;;;;;;;;;;;;;;;;;;;;;;;;;;;;
04:30:00;900;4;;;;;;;;;;;;;;;;;;;;;;;;;;;;;;;;
04:45:00;900;1;;;;;;;;;;;;;;;;;;;;;;;;;;;;;;;;
04:45:00;900;2;;;;;;;;;;;;;;;;;;;;;;;;;;;;;;;;
04:45:00;900;3;;;;;;;;;;;;;;;;;;;;;;;;;;;;;;;;
04:45:00;900;4;;;;;;;;;;;;;;;;;;;;;;;;;;;;;;;;
05:00:00;900;1;;;;;;;;;;;;;;;;;;;;;;;;;;;;;;;;
05:00:00;900;2;;;;;;;;;;;;;;;;;;;;;;;;;;;;;;;;
05:00:00;900;3;;;;;;;;;;;;;;;;;;;;;;;;;;;;;;;;
05:00:00;900;4;;;;;;;;;;;;;;;;;;;;;;;;;;;;;;;;
05:15:00;900;1;;;;;;;;;;;;;;;;;;;;;;;;;;;;;;;;
05:15:00;900;2;;;;;;;;;;;;;;;;;;;;;;;;;;;;;;;;
05:15:00;900;3;;;;;;;;;;;;;;;;;;;;;;;;;;;;;;;;
05:15:00;900;4;;;;;;;;;;;;;;;;;;;;;;;;;;;;;;;;
05:30:00;900;1;;;;;;;;;;;;;;;;;;;;;;;;;;;;;;;;
05:30:00;900;2;;;;;;;;;;;;;;;;;;;;;;;;;;;;;;;;
05:30:00;900;3;;;;;;;;;;;;;;;;;;;;;;;;;;;;;;;;
05:30:00;900;4;;;;;;;;;;;;;;;;;;;;;;;;;;;;;;;;
05:45:00;900;1;;;;;;;;;;;;;;;;;;;;;;;;;;;;;;;;
05:45:00;900;2;100;154.1;0.00;0;215.3;0.00;0;17;0;;;;;;;;;;;;;;;;;;;;;0;0;0.0
05:45:00;900;3;100;169.7;0.00;0;220.6;0.00;0;17;0;;;;;;;;;;;;;;;;;;;;;0;0;0.0
05:45:00;900;4;100;116.3;0.00;0;213.5;0.00;0;16;0;;;;;;;;;;;;;;;;;;;;;0;0;0.0
06:00:00;900;1;100;121.3;0.00;0;217.0;0.00;0;16;0;;;;;;;;;;;;;;;;;;;;;0;0;0.0
06:00:00;900;2;100;234.5;0.00;0;219.4;0.00;0;17;0;;;;;;;;;;;;;;;;;;;;;0;0;0.0
06:00:00;900;3;100;241.4;0.00;0;221.1;0.00;0;17;0;;;;;;;;;;;;;;;;;;;;;0;0;0.0
06:00:00;900;4;100;194.1;0.00;0;220.5;0.00;0;17;0;;;;;;;;;;;;;;;;;;;;;0;0;0.0
06:15:00;900;1;100;162.9;0.00;0;220.3;0.00;0;17;0;;;;;;;;;;;;;;;;;;;;;0;0;0.0
06:15:00;900;2;100;279.1;0.00;0;218.0;0.00;0;17;0;;;;;;;;;;;;;;;;;;;;;0;0;0.0
06:15:00;900;3;100;274.1;0.00;0;219.7;0.00;0;17;0;;;;;;;;;;;;;;;;;;;;;0;0;0.0
06:15:00;900;4;100;257.7;0.00;0;219.3;0.00;0;17;0;;;;;;;;;;;;;;;;;;;;;0;0;0.0
06:30:00;900;1;100;260.7;0.00;0;219.5;0.00;0;17;0;;;;;;;;;;;;;;;;;;;;;0;0;0.0
06:30:00;900;2;100;304.1;0.00;0;217.0;0.00;0;17;0;;;;;;;;;;;;;;;;;;;;;0;0;0.0
06:30:00;900;3;100;272.5;0.01;2;218.4;0.01;2;17;0;;;;;;;;;;;;;;;;;;;;;0;0;0.0
06:30:00;900;4;100;266.3;0.00;0;218.4;0.00;0;17;0;;;;;;;;;;;;;;;;;;;;;0;0;0.0
06:45:00;900;1;100;267.5;0.00;0;219.1;0.00;0;17;0;;;;;;;;;;;;;;;;;;;;;0;0;0.0
06:45:00;900;2;100;259.2;0.05;12;217.1;0.05;11;17;2;;;;;;;;;;;;;;;;;;;;;0;0;0.0
06:45:00;900;3;100;228.7;0.08;18;218.6;0.08;18;18;4;;;;;;;;;;;;;;;;;;;;;0;0;0.0
06:45:00;900;4;100;226.4;0.04;9;218.1;0.04;9;18;2;;;;;;;;;;;;;;;;;;;;;0;0;0.0
07:00:00;900;1;100;262.5;0.00;0;218.5;0.00;0;17;0;;;;;;;;;;;;;;;;;;;;;0;0;0.0
07:00:00;900;2;100;259.0;0.07;17;216.3;0.08;17;18;5;;;;;;;;;;;;;;;;;;;;;0;0;0.0
07:00:00;900;3;100;228.8;0.10;23;217.8;0.10;22;18;6;;;;;;;;;;;;;;;;;;;;;0;0;0.0
07:00:00;900;4;100;226.5;0.06;13;217.4;0.06;13;18;3;;;;;;;;;;;;;;;;;;;;;0;0;0.0
07:15:00;900;1;100;242.3;0.10;24;217.3;0.11;23;18;6;;;;;;;;;;;;;;;;;;;;;0;0;0.0
07:15:00;900;2;100;240.1;0.21;50;215.0;0.22;48;19;12;;;;;;;;;;;;;;;;;;;;;0;0;0.0
07:15:00;900;3;100;228.2;0.30;68;216.4;0.30;66;19;15;;;;;;;;;;;;;;;;;;;;;0;0;0.0
07:15:00;900;4;100;223.9;0.21;46;216.4;0.20;45;19;12;;;;;;;;;;;;;;;;;;;;;0;0;0.0
07:30:00;900;1;100;236.3;0.92;221;216.5;0.98;212;18;51;;;;;;;;;;;;;;;;;;;;;0;0;0.0
07:30:00;900;2;100;301.1;0.91;275;214.3;1.23;264;19;66;;;;;;;;;;;;;;;;;;;;;0;0;0.0
07:30:00;900;3;100;287.3;1.00;289;215.5;1.29;278;20;69;;;;;;;;;;;;;;;;;;;;;0;0;0.0
07:30:00;900;4;100;283.1;0.97;277;215.5;1.23;266;20;64;;;;;;;;;;;;;;;;;;;;;0;0;0.0
07:45:00;900;1;100;248.4;1.32;327;215.9;1.45;314;19;79;;;;;;;;;;;;;;;;;;;;;0;0;0.0
07:45:00;900;2;100;308.3;1.28;396;213.8;1.78;380;20;94;;;;;;;;;;;;;;;;;;;;;0;0;0.0
07:45:00;900;3;100;291.7;1.41;410;215.0;1.83;394;21;98;;;;;;;;;;;;;;;;;;;;;0;0;0.0
07:45:00;900;4;100;288.5;1.40;403;214.9;1.80;387;21;96;;;;;;;;;;;;;;;;;;;;;0;0;0.0
08:00:00;900;1;100;244.1;1.15;282;215.1;1.26;271;20;67;;;;;;;;;;;;;;;;;;;;;0;0;0.0
08:00:00;900;2;100;306.2;1.12;344;213.0;1.55;331;21;83;;;;;;;;;;;;;;;;;;;;;0;0;0.0
08:00:00;900;3;100;289.9;1.24;359;214.1;1.61;344;21;85;;;;;;;;;;;;;;;;;;;;;0;0;0.0
08:00:00;900;4;100;286.5;1.22;349;214.1;1.56;335;21;84;;;;;;;;;;;;;;;;;;;;;0;0;0.0
08:15:00;900;1;100;247.9;1.38;346;214.3;1.55;333;20;82;;;;;;;;;;;;;;;;;;;;;0;0;0.0
08:15:00;900;2;100;308.9;1.32;410;212.1;1.86;394;22;98;;;;;;;;;;;;;;;;;;;;;0;0;0.0
08:15:00;900;3;100;291.1;1.45;424;212.9;1.91;407;22;101;;;;;;;;;;;;;;;;;;;;;0;0;0.0
08:15:00;900;4;100;289.6;1.43;418;213.3;1.88;402;22;100;;;;;;;;;;;;;;;;;;;;;0;0;0.0
08:30:00;900;1;100;267.5;3.14;840;214.1;3.77;807;21;201;;;;;;;;;;;;;;;;;;;;;0;0;0.0
08:30:00;900;2;100;316.8;2.92;927;211.9;4.20;890;23;222;;;;;;;;;;;;;;;;;;;;;0;0;0.0
08:30:00;900;3;100;296.3;3.19;945;212.2;4.28;907;23;226;;;;;;;;;;;;;;;;;;;;;0;0;0.0
08:30:00;900;4;100;302.4;3.19;966;213.1;4.35;927;23;230;;;;;;;;;;;;;;;;;;;;;0;0;0.0
08:45:00;900;1;100;254.9;1.93;496;213.5;2.23;477;23;119;;;;;;;;;;;;;;;;;;;;;0;0;0.0
08:45:00;900;2;100;309.2;1.81;561;211.5;2.54;538;24;134;;;;;;;;;;;;;;;;;;;;;0;0;0.0
08:45:00;900;3;100;290.8;1.99;579;211.8;2.62;556;24;139;;;;;;;;;;;;;;;;;;;;;0;0;0.0
08:45:00;900;4;100;293.1;1.96;577;212.5;2.61;554;24;138;;;;;;;;;;;;;;;;;;;;;0;0;0.0
09:00:00;900;1;100;257.4;2.05;531;213.0;2.39;510;23;127;;;;;;;;;;;;;;;;;;;;;0;0;0.0
09:00:00;900;2;100;308.8;1.94;599;210.7;2.73;575;25;143;;;;;;;;;;;;;;;;;;;;;0;0;0.0
09:00:00;900;3;100;292.1;2.15;630;211.0;2.86;605;25;151;;;;;;;;;;;;;;;;;;;;;0;0;0.0
09:00:00;900;4;100;294.6;2.10;621;211.9;2.81;596;25;149;;;;;;;;;;;;;;;;;;;;;0;0;0.0
09:15:00;900;1;100;271.1;4.85;1320;215.2;5.88;1267;24;314;;;;;;;;;;;;;;;;;;;;;0;0;0.0
09:15:00;900;2;100;312.4;4.46;1396;212.5;6.30;1341;26;333;;;;;;;;;;;;;;;;;;;;;0;0;0.0
09:15:00;900;3;100;294.2;4.96;1459;213.0;6.57;1401;26;348;;;;;;;;;;;;;;;;;;;;;0;0;0.0
09:15:00;900;4;100;303.1;4.88;1482;214.2;6.63;1422;26;354;;;;;;;;;;;;;;;;;;;;;0;0;0.0
09:30:00;900;1;100;271.0;8.89;2415;216.7;10.68;2318;28;577;;;;;;;;;;;;;;;;;;;;;0;0;0.0
09:30:00;900;2;100;301.1;8.11;2437;213.6;10.94;2340;29;582;;;;;;;;;;;;;;;;;;;;;0;0;0.0
09:30:00;900;3;100;283.6;8.96;2534;214.0;11.35;2433;29;606;;;;;;;;;;;;;;;;;;;;;0;0;0.0
09:30:00;900;4;100;297.7;8.84;2634;215.7;11.70;2528;30;629;;;;;;;;;;;;;;;;;;;;;0;0;0.0
09:45:00;900;1;100;266.0;7.29;1945;215.1;8.66;1867;31;467;;;;;;;;;;;;;;;;;;;;;0;0;0.0
09:45:00;900;2;100;297.9;6.57;1957;212.2;8.84;1879;32;470;;;;;;;;;;;;;;;;;;;;;0;0;0.0
09:45:00;900;3;100;280.7;7.28;2043;212.6;9.21;1961;32;487;;;;;;;;;;;;;;;;;;;;;0;0;0.0
09:45:00;900;4;100;294.2;7.17;2112;214.1;9.45;2027;33;504;;;;;;;;;;;;;;;;;;;;;0;0;0.0
10:00:00;900;1;100;259.8;3.97;1032;212.5;4.66;991;32;247;;;;;;;;;;;;;;;;;;;;;0;0;0.0
10:00:00;900;2;100;300.4;3.58;1073;210.1;4.90;1031;33;256;;;;;;;;;;;;;;;;;;;;;0;0;0.0
10:00:00;900;3;100;281.3;3.97;1117;210.5;5.09;1072;33;267;;;;;;;;;;;;;;;;;;;;;0;0;0.0
10:00:00;900;4;100;292.6;3.88;1134;211.5;5.15;1089;34;272;;;;;;;;;;;;;;;;;;;;;0;0;0.0
10:15:00;900;1;100;259.7;3.10;806;211.9;3.65;774;32;192;;;;;;;;;;;;;;;;;;;;;0;0;0.0
10:15:00;900;2;100;305.7;2.82;863;209.7;3.95;829;33;206;;;;;;;;;;;;;;;;;;;;;0;0;0.0
10:15:00;900;3;100;287.4;3.12;899;209.8;4.11;863;33;216;;;;;;;;;;;;;;;;;;;;;0;0;0.0
10:15:00;900;4;100;294.1;3.06;901;210.8;4.10;865;34;215;;;;;;;;;;;;;;;;;;;;;0;0;0.0
10:30:00;900;1;100;264.7;3.64;963;211.4;4.37;924;32;230;;;;;;;;;;;;;;;;;;;;;0;0;0.0
10:30:00;900;2;100;308.7;3.34;1030;209.0;4.73;989;33;247;;;;;;;;;;;;;;;;;;;;;0;0;0.0
10:30:00;900;3;100;291.7;3.67;1069;209.1;4.91;1026;33;255;;;;;;;;;;;;;;;;;;;;;0;0;0.0
10:30:00;900;4;100;298.2;3.61;1077;210.3;4.91;1034;34;257;;;;;;;;;;;;;;;;;;;;;0;0;0.0
10:45:00;900;1;100;258.3;2.52;653;210.7;2.97;627;32;156;;;;;;;;;;;;;;;;;;;;;0;0;0.0
10:45:00;900;2;100;306.8;2.31;708;208.6;3.25;679;33;169;;;;;;;;;;;;;;;;;;;;;0;0;0.0
10:45:00;900;3;100;292.2;2.52;737;208.9;3.39;708;33;176;;;;;;;;;;;;;;;;;;;;;0;0;0.0
10:45:00;900;4;100;295.3;2.49;736;209.7;3.36;706;34;177;;;;;;;;;;;;;;;;;;;;;0;0;0.0
11:00:00;900;1;100;252.4;1.76;443;209.6;2.03;426;32;107;;;;;;;;;;;;;;;;;;;;;0;0;0.0
11:00:00;900;2;100;308.2;1.58;487;207.7;2.25;467;33;116;;;;;;;;;;;;;;;;;;;;;0;0;0.0
11:00:00;900;3;100;292.7;1.71;501;207.9;2.31;481;33;120;;;;;;;;;;;;;;;;;;;;;0;0;0.0
11:00:00;900;4;100;294.3;1.68;494;208.6;2.27;474;34;118;;;;;;;;;;;;;;;;;;;;;0;0;0.0
11:15:00;900;1;100;255.8;1.75;446;209.6;2.04;429;31;107;;;;;;;;;;;;;;;;;;;;;0;0;0.0
11:15:00;900;2;100;310.2;1.56;484;207.6;2.24;464;33;115;;;;;;;;;;;;;;;;;;;;;0;0;0.0
11:15:00;900;3;100;292.5;1.69;494;207.7;2.28;475;33;118;;;;;;;;;;;;;;;;;;;;;0;0;0.0
11:15:00;900;4;100;294.9;1.65;488;208.6;2.24;468;34;116;;;;;;;;;;;;;;;;;;;;;0;0;0.0
11:30:00;900;1;100;249.5;1.46;365;209.6;1.67;350;31;87;;;;;;;;;;;;;;;;;;;;;0;0;0.0
11:30:00;900;2;100;306.2;1.28;392;207.5;1.81;376;32;94;;;;;;;;;;;;;;;;;;;;;0;0;0.0
11:30:00;900;3;100;290.4;1.38;401;207.8;1.85;385;32;96;;;;;;;;;;;;;;;;;;;;;0;0;0.0
11:30:00;900;4;100;289.7;1.35;390;208.6;1.80;375;33;94;;;;;;;;;;;;;;;;;;;;;0;0;0.0
11:45:00;900;1;100;257.8;1.96;507;210.5;2.31;487;30;120;;;;;;;;;;;;;;;;;;;;;0;0;0.0
11:45:00;900;2;100;312.8;1.76;552;208.2;2.55;530;32;132;;;;;;;;;;;;;;;;;;;;;0;0;0.0
11:45:00;900;3;100;293.3;1.92;565;208.6;2.60;542;32;135;;;;;;;;;;;;;;;;;;;;;0;0;0.0
11:45:00;900;4;100;296.0;1.89;560;209.5;2.56;537;32;133;;;;;;;;;;;;;;;;;;;;;0;0;0.0
12:00:00;900;1;100;272.2;4.66;1272;212.6;5.74;1221;30;304;;;;;;;;;;;;;;;;;;;;;0;0;0.0
12:00:00;900;2;100;319.4;4.23;1352;210.1;6.17;1298;32;323;;;;;;;;;;;;;;;;;;;;;0;0;0.0
12:00:00;900;3;100;299.8;4.59;1376;210.9;6.26;1321;32;328;;;;;;;;;;;;;;;;;;;;;0;0;0.0
12:00:00;900;4;100;305.6;4.57;1399;211.6;6.34;1343;32;334;;;;;;;;;;;;;;;;;;;;;0;0;0.0
12:15:00;900;1;100;271.9;5.19;1411;214.1;6.32;1354;30;337;;;;;;;;;;;;;;;;;;;;;0;0;0.0
12:15:00;900;2;100;312.6;4.80;1501;211.5;6.81;1441;32;359;;;;;;;;;;;;;;;;;;;;;0;0;0.0
12:15:00;900;3;100;294.3;5.27;1550;212.3;7.01;1488;32;372;;;;;;;;;;;;;;;;;;;;;0;0;0.0
12:15:00;900;4;100;301.8;5.18;1564;213.1;7.04;1501;32;375;;;;;;;;;;;;;;;;;;;;;0;0;0.0
12:30:00;900;1;100;270.7;5.69;1541;215.3;6.87;1479;31;368;;;;;;;;;;;;;;;;;;;;;0;0;0.0
12:30:00;900;2;100;312.0;5.25;1637;212.6;7.39;1572;33;391;;;;;;;;;;;;;;;;;;;;;0;0;0.0
12:30:00;900;3;100;293.5;5.77;1693;213.5;7.61;1626;32;405;;;;;;;;;;;;;;;;;;;;;0;0;0.0
12:30:00;900;4;100;303.4;5.66;1718;214.3;7.70;1650;33;409;;;;;;;;;;;;;;;;;;;;;0;0;0.0
12:45:00;900;1;100;266.9;4.76;1271;215.7;5.66;1220;31;305;;;;;;;;;;;;;;;;;;;;;0;0;0.0
12:45:00;900;2;100;309.0;4.38;1355;213.1;6.10;1301;33;323;;;;;;;;;;;;;;;;;;;;;0;0;0.0
12:45:00;900;3;100;289.9;4.84;1403;214.1;6.29;1347;33;335;;;;;;;;;;;;;;;;;;;;;0;0;0.0
12:45:00;900;4;100;299.9;4.73;1420;214.6;6.35;1363;34;340;;;;;;;;;;;;;;;;;;;;;0;0;0.0
13:00:00;900;1;100;266.1;3.92;1042;216.2;4.63;1000;32;248;;;;;;;;;;;;;;;;;;;;;0;0;0.0
13:00:00;900;2;100;310.5;3.64;1132;213.8;5.08;1087;33;271;;;;;;;;;;;;;;;;;;;;;0;0;0.0
13:00:00;900;3;100;292.0;4.01;1171;214.8;5.23;1125;33;280;;;;;;;;;;;;;;;;;;;;;0;0;0.0
13:00:00;900;4;100;299.3;3.95;1183;215.2;5.28;1136;34;283;;;;;;;;;;;;;;;;;;;;;0;0;0.0
13:15:00;900;1;100;271.7;4.49;1219;217.8;5.37;1170;32;292;;;;;;;;;;;;;;;;;;;;;0;0;0.0
13:15:00;900;2;100;317.1;4.19;1329;215.2;5.93;1276;34;319;;;;;;;;;;;;;;;;;;;;;0;0;0.0
13:15:00;900;3;100;298.1;4.56;1360;216.2;6.04;1305;33;324;;;;;;;;;;;;;;;;;;;;;0;0;0.0
13:15:00;900;4;100;305.6;4.53;1384;216.7;6.13;1329;34;330;;;;;;;;;;;;;;;;;;;;;0;0;0.0
13:30:00;900;1;100;270.7;4.37;1183;217.6;5.22;1136;32;283;;;;;;;;;;;;;;;;;;;;;0;0;0.0
13:30:00;900;2;100;316.0;4.11;1299;215.0;5.80;1247;34;308;;;;;;;;;;;;;;;;;;;;;0;0;0.0
13:30:00;900;3;100;297.4;4.49;1336;216.1;5.94;1283;34;320;;;;;;;;;;;;;;;;;;;;;0;0;0.0
13:30:00;900;4;100;304.5;4.41;1344;216.6;5.96;1290;34;322;;;;;;;;;;;;;;;;;;;;;0;0;0.0
13:45:00;900;1;100;269.8;4.91;1325;216.9;5.86;1272;32;316;;;;;;;;;;;;;;;;;;;;;0;0;0.0
13:45:00;900;2;100;311.4;4.60;1433;214.2;6.42;1375;34;343;;;;;;;;;;;;;;;;;;;;;0;0;0.0
13:45:00;900;3;100;294.3;5.06;1487;215.4;6.63;1428;34;356;;;;;;;;;;;;;;;;;;;;;0;0;0.0
13:45:00;900;4;100;301.4;4.97;1499;215.8;6.67;1439;35;357;;;;;;;;;;;;;;;;;;;;;0;0;0.0
14:00:00;900;1;100;271.5;6.42;1743;217.5;7.69;1674;33;416;;;;;;;;;;;;;;;;;;;;;0;0;0.0
14:00:00;900;2;100;307.2;5.99;1841;214.8;8.22;1767;35;440;;;;;;;;;;;;;;;;;;;;;0;0;0.0
14:00:00;900;3;100;289.6;6.60;1910;215.8;8.49;1833;35;456;;;;;;;;;;;;;;;;;;;;;0;0;0.0
14:00:00;900;4;100;300.0;6.46;1937;216.5;8.59;1859;35;463;;;;;;;;;;;;;;;;;;;;;0;0;0.0
14:15:00;900;1;100;269.6;7.58;2042;217.8;9.00;1961;34;488;;;;;;;;;;;;;;;;;;;;;0;0;0.0
14:15:00;900;2;100;300.5;6.96;2089;214.6;9.34;2006;36;498;;;;;;;;;;;;;;;;;;;;;0;0;0.0
14:15:00;900;3;100;283.8;7.65;2172;215.7;9.67;2085;36;518;;;;;;;;;;;;;;;;;;;;;0;0;0.0
14:15:00;900;4;100;296.4;7.47;2215;216.6;9.81;2127;37;531;;;;;;;;;;;;;;;;;;;;;0;0;0.0
14:30:00;900;1;100;265.2;8.50;2258;217.1;9.97;2168;36;539;;;;;;;;;;;;;;;;;;;;;0;0;0.0
14:30:00;900;2;100;291.9;7.74;2259;213.7;10.14;2168;38;540;;;;;;;;;;;;;;;;;;;;;0;0;0.0
14:30:00;900;3;100;276.0;8.49;2343;214.8;10.47;2250;38;560;;;;;;;;;;;;;;;;;;;;;0;0;0.0
14:30:00;900;4;100;290.9;8.26;2406;216.1;10.68;2310;39;575;;;;;;;;;;;;;;;;;;;;;0;0;0.0
14:45:00;900;1;100;263.3;5.80;1526;215.4;6.80;1465;37;366;;;;;;;;;;;;;;;;;;;;;0;0;0.0
14:45:00;900;2;100;296.5;5.29;1569;212.2;7.10;1507;38;375;;;;;;;;;;;;;;;;;;;;;0;0;0.0
14:45:00;900;3;100;279.4;5.84;1630;213.4;7.33;1565;38;390;;;;;;;;;;;;;;;;;;;;;0;0;0.0
14:45:00;900;4;100;292.0;5.66;1654;214.4;7.40;1588;39;395;;;;;;;;;;;;;;;;;;;;;0;0;0.0
15:00:00;900;1;100;253.9;3.22;819;214.1;3.67;787;37;197;;;;;;;;;;;;;;;;;;;;;0;0;0.0
15:00:00;900;2;100;295.7;2.98;881;211.2;4.00;846;38;210;;;;;;;;;;;;;;;;;;;;;0;0;0.0
15:00:00;900;3;100;279.3;3.29;919;212.5;4.15;882;38;220;;;;;;;;;;;;;;;;;;;;;0;0;0.0
15:00:00;900;4;100;288.4;3.18;920;213.1;4.14;883;39;220;;;;;;;;;;;;;;;;;;;;;0;0;0.0
15:15:00;900;1;100;262.6;4.33;1139;215.1;5.08;1094;37;271;;;;;;;;;;;;;;;;;;;;;0;0;0.0
15:15:00;900;2;100;304.8;3.96;1209;211.9;5.47;1161;38;290;;;;;;;;;;;;;;;;;;;;;0;0;0.0
15:15:00;900;3;100;287.1;4.38;1259;213.2;5.66;1209;38;301;;;;;;;;;;;;;;;;;;;;;0;0;0.0
15:15:00;900;4;100;296.7;4.26;1265;214.1;5.67;1215;39;302;;;;;;;;;;;;;;;;;;;;;0;0;0.0
15:30:00;900;1;100;259.3;3.64;946;214.7;4.23;908;37;227;;;;;;;;;;;;;;;;;;;;;0;0;0.0
15:30:00;900;2;100;302.2;3.37;1019;211.6;4.62;978;38;244;;;;;;;;;;;;;;;;;;;;;0;0;0.0
15:30:00;900;3;100;285.2;3.72;1061;212.8;4.78;1019;38;253;;;;;;;;;;;;;;;;;;;;;0;0;0.0
15:30:00;900;4;100;293.4;3.62;1062;213.6;4.77;1020;39;254;;;;;;;;;;;;;;;;;;;;;0;0;0.0
15:45:00;900;1;100;259.8;3.09;802;214.3;3.59;770;36;191;;;;;;;;;;;;;;;;;;;;;0;0;0.0
15:45:00;900;2;100;305.5;2.84;868;211.3;3.94;833;38;207;;;;;;;;;;;;;;;;;;;;;0;0;0.0
15:45:00;900;3;100;287.2;3.15;904;212.6;4.08;868;38;216;;;;;;;;;;;;;;;;;;;;;0;0;0.0
15:45:00;900;4;100;294.2;3.06;901;213.3;4.05;865;38;215;;;;;;;;;;;;;;;;;;;;;0;0;0.0
16:00:00;900;1;100;266.0;4.81;1285;215.7;5.71;1233;36;306;;;;;;;;;;;;;;;;;;;;;0;0;0.0
16:00:00;900;2;100;308.8;4.38;1354;212.6;6.11;1300;37;323;;;;;;;;;;;;;;;;;;;;;0;0;0.0
16:00:00;900;3;100;290.9;4.85;1412;213.7;6.34;1355;37;338;;;;;;;;;;;;;;;;;;;;;0;0;0.0
16:00:00;900;4;100;298.3;4.66;1395;214.6;6.23;1339;38;332;;;;;;;;;;;;;;;;;;;;;0;0;0.0
16:15:00;900;1;100;261.7;3.27;857;215.5;3.82;823;36;206;;;;;;;;;;;;;;;;;;;;;0;0;0.0
16:15:00;900;2;100;307.5;3.05;937;212.5;4.23;899;37;224;;;;;;;;;;;;;;;;;;;;;0;0;0.0
16:15:00;900;3;100;288.9;3.38;976;213.9;4.38;937;37;233;;;;;;;;;;;;;;;;;;;;;0;0;0.0
16:15:00;900;4;100;295.8;3.27;969;214.5;4.34;930;38;232;;;;;;;;;;;;;;;;;;;;;0;0;0.0
16:30:00;900;1;100;261.4;3.47;909;215.5;4.05;872;36;216;;;;;;;;;;;;;;;;;;;;;0;0;0.0
16:30:00;900;2;100;307.2;3.24;995;212.6;4.49;956;37;238;;;;;;;;;;;;;;;;;;;;;0;0;0.0
16:30:00;900;3;100;290.5;3.57;1037;213.9;4.66;996;37;248;;;;;;;;;;;;;;;;;;;;;0;0;0.0
16:30:00;900;4;100;295.7;3.45;1022;214.5;4.57;981;38;245;;;;;;;;;;;;;;;;;;;;;0;0;0.0
16:45:00;900;1;100;251.8;1.85;466;214.8;2.08;447;35;112;;;;;;;;;;;;;;;;;;;;;0;0;0.0
16:45:00;900;2;100;301.3;1.79;540;212.2;2.44;519;37;130;;;;;;;;;;;;;;;;;;;;;0;0;0.0
16:45:00;900;3;100;286.0;1.99;569;213.4;2.56;547;37;136;;;;;;;;;;;;;;;;;;;;;0;0;0.0
16:45:00;900;4;100;289.0;1.91;552;213.8;2.48;530;37;132;;;;;;;;;;;;;;;;;;;;;0;0;0.0
17:00:00;900;1;100;245.3;1.33;325;215.3;1.45;312;34;78;;;;;;;;;;;;;;;;;;;;;0;0;0.0
17:00:00;900;2;100;300.3;1.31;395;212.8;1.78;379;36;94;;;;;;;;;;;;;;;;;;;;;0;0;0.0
17:00:00;900;3;100;285.2;1.47;419;214.0;1.88;402;36;100;;;;;;;;;;;;;;;;;;;;;0;0;0.0
17:00:00;900;4;100;286.2;1.40;401;214.3;1.80;385;36;96;;;;;;;;;;;;;;;;;;;;;0;0;0.0
17:15:00;900;1;100;229.3;0.84;194;216.8;0.86;187;33;46;;;;;;;;;;;;;;;;;;;;;0;0;0.0
17:15:00;900;2;100;293.5;0.83;246;214.4;1.10;236;35;59;;;;;;;;;;;;;;;;;;;;;0;0;0.0
17:15:00;900;3;100;280.5;0.94;266;215.6;1.18;255;35;64;;;;;;;;;;;;;;;;;;;;;0;0;0.0
17:15:00;900;4;100;278.0;0.88;247;215.7;1.10;237;35;59;;;;;;;;;;;;;;;;;;;;;0;0;0.0
17:30:00;900;1;100;200.0;0.16;32;217.9;0.14;31;32;8;;;;;;;;;;;;;;;;;;;;;0;0;0.0
17:30:00;900;2;100;212.5;0.17;38;215.4;0.17;36;34;9;;;;;;;;;;;;;;;;;;;;;0;0;0.0
17:30:00;900;3;100;210.4;0.22;49;216.9;0.22;47;34;11;;;;;;;;;;;;;;;;;;;;;0;0;0.0
17:30:00;900;4;100;205.9;0.17;37;216.9;0.16;36;34;9;;;;;;;;;;;;;;;;;;;;;0;0;0.0
17:45:00;900;1;100;234.0;0.01;1;218.6;0.00;1;31;0;;;;;;;;;;;;;;;;;;;;;0;0;0.0
17:45:00;900;2;100;249.1;0.03;6;216.0;0.02;6;33;1;;;;;;;;;;;;;;;;;;;;;0;0;0.0
17:45:00;900;3;100;200.9;0.06;12;217.9;0.05;11;33;3;;;;;;;;;;;;;;;;;;;;;0;0;0.0
17:45:00;900;4;100;206.1;0.03;5;217.4;0.02;5;33;1;;;;;;;;;;;;;;;;;;;;;0;0;0.0
18:00:00;900;1;100;238.0;0.00;0;219.5;0.00;0;30;0;;;;;;;;;;;;;;;;;;;;;0;0;0.0
18:00:00;900;2;100;265.9;0.00;0;216.8;0.00;0;32;0;;;;;;;;;;;;;;;;;;;;;0;0;0.0
18:00:00;900;3;100;254.3;0.00;0;218.6;0.00;0;31;0;;;;;;;;;;;;;;;;;;;;;0;0;0.0
18:00:00;900;4;100;229.7;0.00;0;218.5;0.00;0;32;0;;;;;;;;;;;;;;;;;;;;;0;0;0.0
18:15:00;900;1;100;158.6;0.00;0;219.4;0.00;0;29;0;;;;;;;;;;;;;;;;;;;;;0;0;0.0
18:15:00;900;2;100;264.3;0.00;0;216.6;0.00;0;30;0;;;;;;;;;;;;;;;;;;;;;0;0;0.0
18:15:00;900;3;100;264.4;0.00;0;218.4;0.00;0;30;0;;;;;;;;;;;;;;;;;;;;;0;0;0.0
18:15:00;900;4;100;235.5;0.00;0;218.3;0.00;0;31;0;;;;;;;;;;;;;;;;;;;;;0;0;0.0
18:30:00;900;1;100;74.8;0.00;0;219.0;0.00;0;28;0;;;;;;;;;;;;;;;;;;;;;0;0;0.0
18:30:00;900;2;100;146.1;0.00;0;215.4;0.00;0;30;0;;;;;;;;;;;;;;;;;;;;;0;0;0.0
18:30:00;900;3;100;158.6;0.00;0;217.4;0.00;0;30;0;;;;;;;;;;;;;;;;;;;;;0;0;0.0
18:30:00;900;4;100;112.0;0.00;0;217.6;0.00;0;30;0;;;;;;;;;;;;;;;;;;;;;0;0;0.0
18:45:00;900;1;;;;;;;;;;;;;;;;;;;;;;;;;;;;;;;;
18:45:00;900;2;;;;;;;;;;;;;;;;;;;;;;;;;;;;;;;;
18:45:00;900;3;;;;;;;;;;;;;;;;;;;;;;;;;;;;;;;;
18:45:00;900;4;;;;;;;;;;;;;;;;;;;;;;;;;;;;;;;;
19:00:00;900;1;;;;;;;;;;;;;;;;;;;;;;;;;;;;;;;;
19:00:00;900;2;;;;;;;;;;;;;;;;;;;;;;;;;;;;;;;;
19:00:00;900;3;;;;;;;;;;;;;;;;;;;;;;;;;;;;;;;;
19:00:00;900;4;;;;;;;;;;;;;;;;;;;;;;;;;;;;;;;;
19:15:00;900;1;;;;;;;;;;;;;;;;;;;;;;;;;;;;;;;;
19:15:00;900;2;;;;;;;;;;;;;;;;;;;;;;;;;;;;;;;;
19:15:00;900;3;;;;;;;;;;;;;;;;;;;;;;;;;;;;;;;;
19:15:00;900;4;;;;;;;;;;;;;;;;;;;;;;;;;;;;;;;;
19:30:00;900;1;;;;;;;;;;;;;;;;;;;;;;;;;;;;;;;;
19:30:00;900;2;;;;;;;;;;;;;;;;;;;;;;;;;;;;;;;;
19:30:00;900;3;;;;;;;;;;;;;;;;;;;;;;;;;;;;;;;;
19:30:00;900;4;;;;;;;;;;;;;;;;;;;;;;;;;;;;;;;;
19:45:00;900;1;;;;;;;;;;;;;;;;;;;;;;;;;;;;;;;;
19:45:00;900;2;;;;;;;;;;;;;;;;;;;;;;;;;;;;;;;;
19:45:00;900;3;;;;;;;;;;;;;;;;;;;;;;;;;;;;;;;;
19:45:00;900;4;;;;;;;;;;;;;;;;;;;;;;;;;;;;;;;;
20:00:00;900;1;;;;;;;;;;;;;;;;;;;;;;;;;;;;;;;;
20:00:00;900;2;;;;;;;;;;;;;;;;;;;;;;;;;;;;;;;;
20:00:00;900;3;;;;;;;;;;;;;;;;;;;;;;;;;;;;;;;;
20:00:00;900;4;;;;;;;;;;;;;;;;;;;;;;;;;;;;;;;;
20:15:00;900;1;;;;;;;;;;;;;;;;;;;;;;;;;;;;;;;;
20:15:00;900;2;;;;;;;;;;;;;;;;;;;;;;;;;;;;;;;;
20:15:00;900;3;;;;;;;;;;;;;;;;;;;;;;;;;;;;;;;;
20:15:00;900;4;;;;;;;;;;;;;;;;;;;;;;;;;;;;;;;;
20:30:00;900;1;;;;;;;;;;;;;;;;;;;;;;;;;;;;;;;;
20:30:00;900;2;;;;;;;;;;;;;;;;;;;;;;;;;;;;;;;;
20:30:00;900;3;;;;;;;;;;;;;;;;;;;;;;;;;;;;;;;;
20:30:00;900;4;;;;;;;;;;;;;;;;;;;;;;;;;;;;;;;;
20:45:00;900;1;;;;;;;;;;;;;;;;;;;;;;;;;;;;;;;;
20:45:00;900;2;;;;;;;;;;;;;;;;;;;;;;;;;;;;;;;;
20:45:00;900;3;;;;;;;;;;;;;;;;;;;;;;;;;;;;;;;;
20:45:00;900;4;;;;;;;;;;;;;;;;;;;;;;;;;;;;;;;;
21:00:00;900;1;;;;;;;;;;;;;;;;;;;;;;;;;;;;;;;;
21:00:00;900;2;;;;;;;;;;;;;;;;;;;;;;;;;;;;;;;;
21:00:00;900;3;;;;;;;;;;;;;;;;;;;;;;;;;;;;;;;;
21:00:00;900;4;;;;;;;;;;;;;;;;;;;;;;;;;;;;;;;;
21:15:00;900;1;;;;;;;;;;;;;;;;;;;;;;;;;;;;;;;;
21:15:00;900;2;;;;;;;;;;;;;;;;;;;;;;;;;;;;;;;;
21:15:00;900;3;;;;;;;;;;;;;;;;;;;;;;;;;;;;;;;;
21:15:00;900;4;;;;;;;;;;;;;;;;;;;;;;;;;;;;;;;;
21:30:00;900;1;;;;;;;;;;;;;;;;;;;;;;;;;;;;;;;;
21:30:00;900;2;;;;;;;;;;;;;;;;;;;;;;;;;;;;;;;;
21:30:00;900;3;;;;;;;;;;;;;;;;;;;;;;;;;;;;;;;;
21:30:00;900;4;;;;;;;;;;;;;;;;;;;;;;;;;;;;;;;;
21:45:00;900;1;;;;;;;;;;;;;;;;;;;;;;;;;;;;;;;;
21:45:00;900;2;;;;;;;;;;;;;;;;;;;;;;;;;;;;;;;;
21:45:00;900;3;;;;;;;;;;;;;;;;;;;;;;;;;;;;;;;;
21:45:00;900;4;;;;;;;;;;;;;;;;;;;;;;;;;;;;;;;;
22:00:00;900;1;;;;;;;;;;;;;;;;;;;;;;;;;;;;;;;;
22:00:00;900;2;;;;;;;;;;;;;;;;;;;;;;;;;;;;;;;;
22:00:00;900;3;;;;;;;;;;;;;;;;;;;;;;;;;;;;;;;;
22:00:00;900;4;;;;;;;;;;;;;;;;;;;;;;;;;;;;;;;;
22:15:00;900;1;;;;;;;;;;;;;;;;;;;;;;;;;;;;;;;;
22:15:00;900;2;;;;;;;;;;;;;;;;;;;;;;;;;;;;;;;;
22:15:00;900;3;;;;;;;;;;;;;;;;;;;;;;;;;;;;;;;;
22:15:00;900;4;;;;;;;;;;;;;;;;;;;;;;;;;;;;;;;;
22:30:00;900;1;;;;;;;;;;;;;;;;;;;;;;;;;;;;;;;;
22:30:00;900;2;;;;;;;;;;;;;;;;;;;;;;;;;;;;;;;;
22:30:00;900;3;;;;;;;;;;;;;;;;;;;;;;;;;;;;;;;;
22:30:00;900;4;;;;;;;;;;;;;;;;;;;;;;;;;;;;;;;;
22:45:00;900;1;;;;;;;;;;;;;;;;;;;;;;;;;;;;;;;;
22:45:00;900;2;;;;;;;;;;;;;;;;;;;;;;;;;;;;;;;;
22:45:00;900;3;;;;;;;;;;;;;;;;;;;;;;;;;;;;;;;;
22:45:00;900;4;;;;;;;;;;;;;;;;;;;;;;;;;;;;;;;;
23:00:00;900;1;;;;;;;;;;;;;;;;;;;;;;;;;;;;;;;;
23:00:00;900;2;;;;;;;;;;;;;;;;;;;;;;;;;;;;;;;;
23:00:00;900;3;;;;;;;;;;;;;;;;;;;;;;;;;;;;;;;;
23:00:00;900;4;;;;;;;;;;;;;;;;;;;;;;;;;;;;;;;;
23:15:00;900;1;;;;;;;;;;;;;;;;;;;;;;;;;;;;;;;;
23:15:00;900;2;;;;;;;;;;;;;;;;;;;;;;;;;;;;;;;;
23:15:00;900;3;;;;;;;;;;;;;;;;;;;;;;;;;;;;;;;;
23:15:00;900;4;;;;;;;;;;;;;;;;;;;;;;;;;;;;;;;;
23:30:00;900;1;;;;;;;;;;;;;;;;;;;;;;;;;;;;;;;;
23:30:00;900;2;;;;;;;;;;;;;;;;;;;;;;;;;;;;;;;;
23:30:00;900;3;;;;;;;;;;;;;;;;;;;;;;;;;;;;;;;;
23:30:00;900;4;;;;;;;;;;;;;;;;;;;;;;;;;;;;;;;;
23:45:00;900;1;;;;;;;;;;;;;;;;;;;;;;;;;;;;;;;;
23:45:00;900;2;;;;;;;;;;;;;;;;;;;;;;;;;;;;;;;;
23:45:00;900;3;;;;;;;;;;;;;;;;;;;;;;;;;;;;;;;;
23:45:00;900;4;;;;;;;;;;;;;;;;;;;;;;;;;;;;;;;;
24:00:00;900;1;;;;;;;;;;;;;;;;;;;;;;;;;;;;;;;;
24:00:00;900;2;;;;;;;;;;;;;;;;;;;;;;;;;;;;;;;;
24:00:00;900;3;;;;;;;;;;;;;;;;;;;;;;;;;;;;;;;;
24:00:00;900;4;;;;;;;;;;;;;;;;;;;;;;;;;;;;;;;;
