[info]
Anlage=SENA Bogota
Datum=170924
[messung]
;s;Adresse;KPC;U_DC_0;I_DC_0;P_DC_WR;U_AC_0;I_AC_0;P_AC_WR;T_WR;E_D_WR;U_DC_1;I_DC_1;P_DC_1;U_DC_2;I_DC_2;P_DC_2;U_DC_3;I_DC_3;P_DC_3;U_AC_1;I_AC_1;P_AC_1;U_AC_2;I_AC_2;P_AC_2;U_AC_3;I_AC_3;P_AC_3;COS_PHI;;;;
;s;;%;V;A;W;V;A;W;°C;Wh;V;A;W;V;A;W;V;A;W;V;A;W;V;A;W;V;A;W;;;;;
[Start]
00:15:00;900;1;;;;;;;;;;;;;;;;;;;;;;;;;;;;;;;;
00:15:00;900;2;;;;;;;;;;;;;;;;;;;;;;;;;;;;;;;;
00:15:00;900;3;;;;;;;;;;;;;;;;;;;;;;;;;;;;;;;;
00:15:00;900;4;;;;;;;;;;;;;;;;;;;;;;;;;;;;;;;;
00:30:00;900;1;;;;;;;;;;;;;;;;;;;;;;;;;;;;;;;;
00:30:00;900;2;;;;;;;;;;;;;;;;;;;;;;;;;;;;;;;;
00:30:00;900;3;;;;;;;;;;;;;;;;;;;;;;;;;;;;;;;;
00:30:00;900;4;;;;;;;;;;;;;;;;;;;;;;;;;;;;;;;;
00:45:00;900;1;;;;;;;;;;;;;;;;;;;;;;;;;;;;;;;;
00:45:00;900;2;;;;;;;;;;;;;;;;;;;;;;;;;;;;;;;;
00:45:00;900;3;;;;;;;;;;;;;;;;;;;;;;;;;;;;;;;;
00:45:00;900;4;;;;;;;;;;;;;;;;;;;;;;;;;;;;;;;;
01:00:00;900;1;;;;;;;;;;;;;;;;;;;;;;;;;;;;;;;;
01:00:00;900;2;;;;;;;;;;;;;;;;;;;;;;;;;;;;;;;;
01:00:00;900;3;;;;;;;;;;;;;;;;;;;;;;;;;;;;;;;;
01:00:00;900;4;;;;;;;;;;;;;;;;;;;;;;;;;;;;;;;;
01:15:00;900;1;;;;;;;;;;;;;;;;;;;;;;;;;;;;;;;;
01:15:00;900;2;;;;;;;;;;;;;;;;;;;;;;;;;;;;;;;;
01:15:00;900;3;;;;;;;;;;;;;;;;;;;;;;;;;;;;;;;;
01:15:00;900;4;;;;;;;;;;;;;;;;;;;;;;;;;;;;;;;;
01:30:00;900;1;;;;;;;;;;;;;;;;;;;;;;;;;;;;;;;;
01:30:00;900;2;;;;;;;;;;;;;;;;;;;;;;;;;;;;;;;;
01:30:00;900;3;;;;;;;;;;;;;;;;;;;;;;;;;;;;;;;;
01:30:00;900;4;;;;;;;;;;;;;;;;;;;;;;;;;;;;;;;;
01:45:00;900;1;;;;;;;;;;;;;;;;;;;;;;;;;;;;;;;;
01:45:00;900;2;;;;;;;;;;;;;;;;;;;;;;;;;;;;;;;;
01:45:00;900;3;;;;;;;;;;;;;;;;;;;;;;;;;;;;;;;;
01:45:00;900;4;;;;;;;;;;;;;;;;;;;;;;;;;;;;;;;;
02:00:00;900;1;;;;;;;;;;;;;;;;;;;;;;;;;;;;;;;;
02:00:00;900;2;;;;;;;;;;;;;;;;;;;;;;;;;;;;;;;;
02:00:00;900;3;;;;;;;;;;;;;;;;;;;;;;;;;;;;;;;;
02:00:00;900;4;;;;;;;;;;;;;;;;;;;;;;;;;;;;;;;;
02:15:00;900;1;;;;;;;;;;;;;;;;;;;;;;;;;;;;;;;;
02:15:00;900;2;;;;;;;;;;;;;;;;;;;;;;;;;;;;;;;;
02:15:00;900;3;;;;;;;;;;;;;;;;;;;;;;;;;;;;;;;;
02:15:00;900;4;;;;;;;;;;;;;;;;;;;;;;;;;;;;;;;;
02:30:00;900;1;;;;;;;;;;;;;;;;;;;;;;;;;;;;;;;;
02:30:00;900;2;;;;;;;;;;;;;;;;;;;;;;;;;;;;;;;;
02:30:00;900;3;;;;;;;;;;;;;;;;;;;;;;;;;;;;;;;;
02:30:00;900;4;;;;;;;;;;;;;;;;;;;;;;;;;;;;;;;;
02:45:00;900;1;;;;;;;;;;;;;;;;;;;;;;;;;;;;;;;;
02:45:00;900;2;;;;;;;;;;;;;;;;;;;;;;;;;;;;;;;;
02:45:00;900;3;;;;;;;;;;;;;;;;;;;;;;;;;;;;;;;;
02:45:00;900;4;;;;;;;;;;;;;;;;;;;;;;;;;;;;;;;;
03:00:00;900;1;;;;;;;;;;;;;;;;;;;;;;;;;;;;;;;;
03:00:00;900;2;;;;;;;;;;;;;;;;;;;;;;;;;;;;;;;;
03:00:00;900;3;;;;;;;;;;;;;;;;;;;;;;;;;;;;;;;;
03:00:00;900;4;;;;;;;;;;;;;;;;;;;;;;;;;;;;;;;;
03:15:00;900;1;;;;;;;;;;;;;;;;;;;;;;;;;;;;;;;;
03:15:00;900;2;;;;;;;;;;;;;;;;;;;;;;;;;;;;;;;;
03:15:00;900;3;;;;;;;;;;;;;;;;;;;;;;;;;;;;;;;;
03:15:00;900;4;;;;;;;;;;;;;;;;;;;;;;;;;;;;;;;;
03:30:00;900;1;;;;;;;;;;;;;;;;;;;;;;;;;;;;;;;;
03:30:00;900;2;;;;;;;;;;;;;;;;;;;;;;;;;;;;;;;;
03:30:00;900;3;;;;;;;;;;;;;;;;;;;;;;;;;;;;;;;;
03:30:00;900;4;;;;;;;;;;;;;;;;;;;;;;;;;;;;;;;;
03:45:00;900;1;;;;;;;;;;;;;;;;;;;;;;;;;;;;;;;;
03:45:00;900;2;;;;;;;;;;;;;;;;;;;;;;;;;;;;;;;;
03:45:00;900;3;;;;;;;;;;;;;;;;;;;;;;;;;;;;;;;;
03:45:00;900;4;;;;;;;;;;;;;;;;;;;;;;;;;;;;;;;;
04:00:00;900;1;;;;;;;;;;;;;;;;;;;;;;;;;;;;;;;;
04:00:00;900;2;;;;;;;;;;;;;;;;;;;;;;;;;;;;;;;;
04:00:00;900;3;;;;;;;;;;;;;;;;;;;;;;;;;;;;;;;;
04:00:00;900;4;;;;;;;;;;;;;;;;;;;;;;;;;;;;;;;;
04:15:00;900;1;;;;;;;;;;;;;;;;;;;;;;;;;;;;;;;;
04:15:00;900;2;;;;;;;;;;;;;;;;;;;;;;;;;;;;;;;;
04:15:00;900;3;;;;;;;;;;;;;;;;;;;;;;;;;;;;;;;;
04:15:00;900;4;;;;;;;;;;;;;;;;;;;;;;;;;;;;;;;;
04:30:00;900;1;;;;;;;;;;;;;;;;;;;;;;;;;;;;;;;;
04:30:00;900;2;;;;;;;;;;;;;;;;;;;;;;;;;;;;;;;;
04:30:00;900;3;;;;;;;;;;;;;;;;;;;;;;;;;;;;;;;;
04:30:00;900;4;;;;;;;;;;;;;;;;;;;;;;;;;;;;;;;;
04:45:00;900;1;;;;;;;;;;;;;;;;;;;;;;;;;;;;;;;;
04:45:00;900;2;;;;;;;;;;;;;;;;;;;;;;;;;;;;;;;;
04:45:00;900;3;;;;;;;;;;;;;;;;;;;;;;;;;;;;;;;;
04:45:00;900;4;;;;;;;;;;;;;;;;;;;;;;;;;;;;;;;;
05:00:00;900;1;;;;;;;;;;;;;;;;;;;;;;;;;;;;;;;;
05:00:00;900;2;;;;;;;;;;;;;;;;;;;;;;;;;;;;;;;;
05:00:00;900;3;;;;;;;;;;;;;;;;;;;;;;;;;;;;;;;;
05:00:00;900;4;;;;;;;;;;;;;;;;;;;;;;;;;;;;;;;;
05:15:00;900;1;;;;;;;;;;;;;;;;;;;;;;;;;;;;;;;;
05:15:00;900;2;;;;;;;;;;;;;;;;;;;;;;;;;;;;;;;;
05:15:00;900;3;;;;;;;;;;;;;;;;;;;;;;;;;;;;;;;;
05:15:00;900;4;;;;;;;;;;;;;;;;;;;;;;;;;;;;;;;;
05:30:00;900;1;;;;;;;;;;;;;;;;;;;;;;;;;;;;;;;;
05:30:00;900;2;;;;;;;;;;;;;;;;;;;;;;;;;;;;;;;;
05:30:00;900;3;;;;;;;;;;;;;;;;;;;;;;;;;;;;;;;;
05:30:00;900;4;;;;;;;;;;;;;;;;;;;;;;;;;;;;;;;;
05:45:00;900;1;100;103.3;0.00;0;214.3;0.00;0;16;0;;;;;;;;;;;;;;;;;;;;;0;0;0.0
05:45:00;900;2;100;203.5;0.00;0;216.9;0.00;0;17;0;;;;;;;;;;;;;;;;;;;;;0;0;0.0
05:45:00;900;3;100;212.9;0.00;0;218.4;0.00;0;17;0;;;;;;;;;;;;;;;;;;;;;0;0;0.0
05:45:00;900;4;100;174.6;0.00;0;217.6;0.00;0;17;0;;;;;;;;;;;;;;;;;;;;;0;0;0.0
06:00:00;900;1;100;190.2;0.00;0;221.8;0.00;0;17;0;;;;;;;;;;;;;;;;;;;;;0;0;0.0
06:00:00;900;2;100;291.7;0.00;0;219.7;0.00;0;17;0;;;;;;;;;;;;;;;;;;;;;0;0;0.0
06:00:00;900;3;100;284.8;0.00;0;221.2;0.00;0;17;0;;;;;;;;;;;;;;;;;;;;;0;0;0.0
06:00:00;900;4;100;266.7;0.00;0;220.8;0.00;0;17;0;;;;;;;;;;;;;;;;;;;;;0;0;0.0
06:15:00;900;1;100;265.2;0.00;1;221.0;0.00;1;17;0;;;;;;;;;;;;;;;;;;;;;0;0;0.0
06:15:00;900;2;100;272.2;0.10;24;218.9;0.11;24;17;6;;;;;;;;;;;;;;;;;;;;;0;0;0.0
06:15:00;900;3;100;244.2;0.14;32;220.1;0.14;31;18;8;;;;;;;;;;;;;;;;;;;;;0;0;0.0
06:15:00;900;4;100;237.6;0.10;23;220.1;0.10;22;18;5;;;;;;;;;;;;;;;;;;;;;0;0;0.0
06:30:00;900;1;100;254.5;0.07;18;219.5;0.08;18;18;4;;;;;;;;;;;;;;;;;;;;;0;0;0.0
06:30:00;900;2;100;225.5;0.25;55;217.5;0.24;53;18;13;;;;;;;;;;;;;;;;;;;;;0;0;0.0
06:30:00;900;3;100;213.0;0.30;63;218.4;0.27;60;19;15;;;;;;;;;;;;;;;;;;;;;0;0;0.0
06:30:00;900;4;100;214.4;0.26;54;218.5;0.24;52;18;13;;;;;;;;;;;;;;;;;;;;;0;0;0.0
06:45:00;900;1;100;227.0;0.51;116;220.7;0.50;111;19;27;;;;;;;;;;;;;;;;;;;;;0;0;0.0
06:45:00;900;2;100;277.8;0.57;164;219.0;0.72;157;19;38;;;;;;;;;;;;;;;;;;;;;0;0;0.0
06:45:00;900;3;100;270.8;0.65;181;219.4;0.79;174;19;42;;;;;;;;;;;;;;;;;;;;;0;0;0.0
06:45:00;900;4;100;263.9;0.61;166;219.7;0.72;159;19;39;;;;;;;;;;;;;;;;;;;;;0;0;0.0
07:00:00;900;1;100;227.6;0.73;166;219.9;0.73;160;19;40;;;;;;;;;;;;;;;;;;;;;0;0;0.0
07:00:00;900;2;100;303.0;0.74;223;217.8;0.98;214;20;53;;;;;;;;;;;;;;;;;;;;;0;0;0.0
07:00:00;900;3;100;287.9;0.83;238;218.6;1.04;228;20;57;;;;;;;;;;;;;;;;;;;;;0;0;0.0
07:00:00;900;4;100;283.9;0.79;224;218.9;0.98;215;20;53;;;;;;;;;;;;;;;;;;;;;0;0;0.0
07:15:00;900;1;100;224.3;0.65;146;218.8;0.64;140;20;35;;;;;;;;;;;;;;;;;;;;;0;0;0.0
07:15:00;900;2;100;300.3;0.66;200;216.7;0.88;192;21;48;;;;;;;;;;;;;;;;;;;;;0;0;0.0
07:15:00;900;3;100;287.0;0.75;215;217.4;0.95;207;21;51;;;;;;;;;;;;;;;;;;;;;0;0;0.0
07:15:00;900;4;100;280.8;0.71;199;217.8;0.88;192;21;48;;;;;;;;;;;;;;;;;;;;;0;0;0.0
07:30:00;900;1;100;233.0;0.80;188;221.8;0.81;180;20;44;;;;;;;;;;;;;;;;;;;;;0;0;0.0
07:30:00;900;2;100;303.5;0.81;248;219.5;1.08;238;21;59;;;;;;;;;;;;;;;;;;;;;0;0;0.0
07:30:00;900;3;100;289.5;0.91;264;220.3;1.15;254;21;63;;;;;;;;;;;;;;;;;;;;;0;0;0.0
07:30:00;900;4;100;284.5;0.87;249;220.7;1.08;239;21;59;;;;;;;;;;;;;;;;;;;;;0;0;0.0
07:45:00;900;1;100;238.2;1.05;249;220.3;1.09;239;21;60;;;;;;;;;;;;;;;;;;;;;0;0;0.0
07:45:00;900;2;100;305.9;1.03;317;218.2;1.39;304;22;76;;;;;;;;;;;;;;;;;;;;;0;0;0.0
07:45:00;900;3;100;290.8;1.15;334;218.8;1.47;321;22;80;;;;;;;;;;;;;;;;;;;;;0;0;0.0
07:45:00;900;4;100;287.7;1.11;321;219.3;1.40;308;22;77;;;;;;;;;;;;;;;;;;;;;0;0;0.0
08:00:00;900;1;100;260.0;2.42;630;220.3;2.74;605;22;150;;;;;;;;;;;;;;;;;;;;;0;0;0.0
08:00:00;900;2;100;315.7;2.31;729;218.0;3.21;700;23;174;;;;;;;;;;;;;;;;;;;;;0;0;0.0
08:00:00;900;3;100;298.2;2.54;758;218.3;3.33;727;23;181;;;;;;;;;;;;;;;;;;;;;0;0;0.0
08:00:00;900;4;100;302.1;2.49;754;219.3;3.30;724;23;180;;;;;;;;;;;;;;;;;;;;;0;0;0.0
08:15:00;900;1;100;263.4;2.86;753;220.5;3.28;723;23;181;;;;;;;;;;;;;;;;;;;;;0;0;0.0
08:15:00;900;2;100;315.8;2.69;850;218.1;3.74;816;24;203;;;;;;;;;;;;;;;;;;;;;0;0;0.0
08:15:00;900;3;100;296.9;2.98;885;218.6;3.89;850;24;211;;;;;;;;;;;;;;;;;;;;;0;0;0.0
08:15:00;900;4;100;303.5;2.92;885;219.5;3.87;850;24;212;;;;;;;;;;;;;;;;;;;;;0;0;0.0
08:30:00;900;1;100;267.9;4.08;1095;220.7;4.76;1051;24;260;;;;;;;;;;;;;;;;;;;;;0;0;0.0
08:30:00;900;2;100;316.2;3.77;1192;218.1;5.25;1145;25;285;;;;;;;;;;;;;;;;;;;;;0;0;0.0
08:30:00;900;3;100;297.7;4.15;1236;218.4;5.43;1187;25;296;;;;;;;;;;;;;;;;;;;;;0;0;0.0
08:30:00;900;4;100;305.2;4.08;1246;219.6;5.45;1197;26;296;;;;;;;;;;;;;;;;;;;;;0;0;0.0
08:45:00;900;1;100;269.8;5.97;1609;221.1;6.99;1545;26;385;;;;;;;;;;;;;;;;;;;;;0;0;0.0
08:45:00;900;2;100;312.8;5.41;1692;218.3;7.44;1624;27;405;;;;;;;;;;;;;;;;;;;;;0;0;0.0
08:45:00;900;3;100;293.7;5.98;1756;218.8;7.70;1685;27;418;;;;;;;;;;;;;;;;;;;;;0;0;0.0
08:45:00;900;4;100;306.0;5.83;1785;220.1;7.78;1713;28;427;;;;;;;;;;;;;;;;;;;;;0;0;0.0
09:00:00;900;1;100;269.5;7.19;1938;221.0;8.42;1861;28;462;;;;;;;;;;;;;;;;;;;;;0;0;0.0
09:00:00;900;2;100;308.9;6.41;1980;217.7;8.73;1901;30;472;;;;;;;;;;;;;;;;;;;;;0;0;0.0
09:00:00;900;3;100;291.3;7.07;2059;218.4;9.05;1976;30;493;;;;;;;;;;;;;;;;;;;;;0;0;0.0
09:00:00;900;4;100;304.0;6.92;2105;220.0;9.18;2021;30;504;;;;;;;;;;;;;;;;;;;;;0;0;0.0
09:15:00;900;1;100;268.5;7.45;2001;221.6;8.66;1921;30;479;;;;;;;;;;;;;;;;;;;;;0;0;0.0
09:15:00;900;2;100;306.6;6.58;2016;218.3;8.86;1936;32;482;;;;;;;;;;;;;;;;;;;;;0;0;0.0
09:15:00;900;3;100;289.0;7.27;2098;219.1;9.19;2015;32;502;;;;;;;;;;;;;;;;;;;;;0;0;0.0
09:15:00;900;4;100;302.1;7.11;2146;220.5;9.33;2060;32;511;;;;;;;;;;;;;;;;;;;;;0;0;0.0
09:30:00;900;1;100;266.3;8.54;2273;221.5;9.85;2183;32;545;;;;;;;;;;;;;;;;;;;;;0;0;0.0
09:30:00;900;2;100;301.6;7.48;2254;218.2;9.91;2164;34;538;;;;;;;;;;;;;;;;;;;;;0;0;0.0
09:30:00;900;3;100;285.1;8.23;2346;218.7;10.29;2252;34;560;;;;;;;;;;;;;;;;;;;;;0;0;0.0
09:30:00;900;4;100;299.0;8.08;2417;220.4;10.52;2321;35;580;;;;;;;;;;;;;;;;;;;;;0;0;0.0
09:45:00;900;1;100;276.0;10.41;2898;224.0;12.40;2782;35;693;;;;;;;;;;;;;;;;;;;;;0;0;0.0
09:45:00;900;2;100;300.5;9.41;2832;220.5;12.31;2718;36;677;;;;;;;;;;;;;;;;;;;;;0;0;0.0
09:45:00;900;3;100;284.9;10.21;2917;220.9;12.66;2801;36;697;;;;;;;;;;;;;;;;;;;;;0;0;0.0
09:45:00;900;4;100;301.4;9.87;2991;222.9;12.87;2871;37;715;;;;;;;;;;;;;;;;;;;;;0;0;0.0
10:00:00;900;1;100;263.8;8.16;2151;222.9;9.26;2066;37;514;;;;;;;;;;;;;;;;;;;;;0;0;0.0
10:00:00;900;2;100;300.8;6.99;2103;219.8;9.18;2019;38;505;;;;;;;;;;;;;;;;;;;;;0;0;0.0
10:00:00;900;3;100;284.3;7.70;2189;220.4;9.53;2102;38;522;;;;;;;;;;;;;;;;;;;;;0;0;0.0
10:00:00;900;4;100;297.2;7.55;2245;221.8;9.71;2155;39;536;;;;;;;;;;;;;;;;;;;;;0;0;0.0
10:15:00;900;1;100;267.5;7.99;2149;223.4;9.22;2063;37;513;;;;;;;;;;;;;;;;;;;;;0;0;0.0
10:15:00;900;2;100;304.7;6.91;2107;220.2;9.17;2023;39;503;;;;;;;;;;;;;;;;;;;;;0;0;0.0
10:15:00;900;3;100;287.4;7.58;2181;220.8;9.47;2093;39;521;;;;;;;;;;;;;;;;;;;;;0;0;0.0
10:15:00;900;4;100;300.0;7.41;2227;222.4;9.60;2138;40;532;;;;;;;;;;;;;;;;;;;;;0;0;0.0
10:30:00;900;1;100;267.3;6.85;1835;221.7;7.93;1762;38;438;;;;;;;;;;;;;;;;;;;;;0;0;0.0
10:30:00;900;2;100;306.4;5.96;1824;218.6;8.00;1751;39;436;;;;;;;;;;;;;;;;;;;;;0;0;0.0
10:30:00;900;3;100;290.4;6.56;1900;219.1;8.32;1824;39;456;;;;;;;;;;;;;;;;;;;;;0;0;0.0
10:30:00;900;4;100;301.2;6.46;1943;220.6;8.44;1866;41;463;;;;;;;;;;;;;;;;;;;;;0;0;0.0
10:45:00;900;1;100;267.8;6.27;1681;221.4;7.29;1614;38;400;;;;;;;;;;;;;;;;;;;;;0;0;0.0
10:45:00;900;2;100;308.9;5.48;1692;218.4;7.43;1624;39;405;;;;;;;;;;;;;;;;;;;;;0;0;0.0
10:45:00;900;3;100;291.8;6.01;1753;219.0;7.69;1683;39;420;;;;;;;;;;;;;;;;;;;;;0;0;0.0
10:45:00;900;4;100;302.8;5.87;1778;220.3;7.75;1707;41;425;;;;;;;;;;;;;;;;;;;;;0;0;0.0
11:00:00;900;1;100;268.1;6.59;1768;221.7;7.65;1697;38;423;;;;;;;;;;;;;;;;;;;;;0;0;0.0
11:00:00;900;2;100;307.7;5.77;1776;218.5;7.80;1705;39;423;;;;;;;;;;;;;;;;;;;;;0;0;0.0
11:00:00;900;3;100;290.6;6.33;1840;219.2;8.06;1766;39;439;;;;;;;;;;;;;;;;;;;;;0;0;0.0
11:00:00;900;4;100;301.4;6.19;1867;220.6;8.12;1793;41;448;;;;;;;;;;;;;;;;;;;;;0;0;0.0
11:15:00;900;1;100;266.8;5.42;1446;221.0;6.28;1389;38;346;;;;;;;;;;;;;;;;;;;;;0;0;0.0
11:15:00;900;2;100;308.9;4.77;1474;218.0;6.49;1415;39;352;;;;;;;;;;;;;;;;;;;;;0;0;0.0
11:15:00;900;3;100;291.6;5.25;1531;218.7;6.72;1470;39;366;;;;;;;;;;;;;;;;;;;;;0;0;0.0
11:15:00;900;4;100;302.0;5.11;1544;219.9;6.74;1482;41;369;;;;;;;;;;;;;;;;;;;;;0;0;0.0
11:30:00;900;1;100;266.7;5.25;1400;220.7;6.09;1344;38;335;;;;;;;;;;;;;;;;;;;;;0;0;0.0
11:30:00;900;2;100;311.5;4.64;1443;217.9;6.36;1386;39;346;;;;;;;;;;;;;;;;;;;;;0;0;0.0
11:30:00;900;3;100;292.7;5.11;1496;218.5;6.57;1436;39;357;;;;;;;;;;;;;;;;;;;;;0;0;0.0
11:30:00;900;4;100;302.5;4.98;1508;219.6;6.59;1448;41;360;;;;;;;;;;;;;;;;;;;;;0;0;0.0
11:45:00;900;1;100;270.3;7.52;2035;221.9;8.80;1954;38;486;;;;;;;;;;;;;;;;;;;;;0;0;0.0
11:45:00;900;2;100;309.4;6.64;2052;219.2;8.98;1970;39;487;;;;;;;;;;;;;;;;;;;;;0;0;0.0
11:45:00;900;3;100;291.7;7.29;2124;219.6;9.28;2039;39;507;;;;;;;;;;;;;;;;;;;;;0;0;0.0
11:45:00;900;4;100;302.9;7.15;2166;220.9;9.41;2079;41;517;;;;;;;;;;;;;;;;;;;;;0;0;0.0
12:00:00;900;1;100;267.8;8.60;2304;222.0;9.96;2212;38;550;;;;;;;;;;;;;;;;;;;;;0;0;0.0
12:00:00;900;2;100;301.5;7.56;2279;219.1;9.99;2188;40;547;;;;;;;;;;;;;;;;;;;;;0;0;0.0
12:00:00;900;3;100;285.0;8.30;2366;219.5;10.34;2271;40;567;;;;;;;;;;;;;;;;;;;;;0;0;0.0
12:00:00;900;4;100;298.7;8.12;2426;220.9;10.54;2329;41;579;;;;;;;;;;;;;;;;;;;;;0;0;0.0
12:15:00;900;1;100;264.8;7.45;1975;222.5;8.52;1896;39;472;;;;;;;;;;;;;;;;;;;;;0;0;0.0
12:15:00;900;2;100;301.1;6.53;1967;219.9;8.59;1889;41;470;;;;;;;;;;;;;;;;;;;;;0;0;0.0
12:15:00;900;3;100;284.7;7.14;2034;220.2;8.87;1953;41;485;;;;;;;;;;;;;;;;;;;;;0;0;0.0
12:15:00;900;4;100;297.3;7.00;2080;221.4;9.02;1997;42;497;;;;;;;;;;;;;;;;;;;;;0;0;0.0
12:30:00;900;1;100;264.6;6.52;1726;223.0;7.43;1657;39;412;;;;;;;;;;;;;;;;;;;;;0;0;0.0
12:30:00;900;2;100;303.1;5.68;1721;220.3;7.50;1652;41;411;;;;;;;;;;;;;;;;;;;;;0;0;0.0
12:30:00;900;3;100;286.0;6.24;1783;220.7;7.75;1712;41;428;;;;;;;;;;;;;;;;;;;;;0;0;0.0
12:30:00;900;4;100;297.6;6.10;1817;221.9;7.86;1744;42;436;;;;;;;;;;;;;;;;;;;;;0;0;0.0
12:45:00;900;1;100;273.4;9.56;2643;225.6;11.21;2537;40;632;;;;;;;;;;;;;;;;;;;;;0;0;0.0
12:45:00;900;2;100;297.3;8.60;2558;222.3;11.02;2456;41;613;;;;;;;;;;;;;;;;;;;;;0;0;0.0
12:45:00;900;3;100;282.2;9.34;2639;222.8;11.34;2533;41;631;;;;;;;;;;;;;;;;;;;;;0;0;0.0
12:45:00;900;4;100;298.6;9.04;2712;224.6;11.56;2604;42;649;;;;;;;;;;;;;;;;;;;;;0;0;0.0
13:00:00;900;1;100;282.1;10.89;3149;227.2;13.25;3023;43;757;;;;;;;;;;;;;;;;;;;;;0;0;0.0
13:00:00;900;2;100;288.4;10.69;3097;223.9;13.23;2973;44;736;;;;;;;;;;;;;;;;;;;;;0;0;0.0
13:00:00;900;3;100;277.8;11.21;3134;224.5;13.36;3008;44;749;;;;;;;;;;;;;;;;;;;;;0;0;0.0
13:00:00;900;4;100;298.5;10.56;3191;226.1;13.50;3064;45;762;;;;;;;;;;;;;;;;;;;;;0;0;0.0
13:15:00;900;1;100;275.4;13.27;3680;228.8;15.41;3532;45;880;;;;;;;;;;;;;;;;;;;;;0;0;0.0
13:15:00;900;2;100;281.5;12.48;3503;225.2;14.91;3363;46;839;;;;;;;;;;;;;;;;;;;;;0;0;0.0
13:15:00;900;3;100;270.4;13.47;3633;225.9;15.42;3488;46;866;;;;;;;;;;;;;;;;;;;;;0;0;0.0
13:15:00;900;4;100;297.3;12.28;3672;227.7;15.45;3525;47;881;;;;;;;;;;;;;;;;;;;;;0;0;0.0
13:30:00;900;1;100;272.0;15.31;4159;230.0;17.36;3993;49;993;;;;;;;;;;;;;;;;;;;;;0;0;0.0
13:30:00;900;2;100;272.9;14.32;3909;226.2;16.59;3752;49;937;;;;;;;;;;;;;;;;;;;;;0;0;0.0
13:30:00;900;3;100;262.9;15.47;4066;226.9;17.20;3904;49;970;;;;;;;;;;;;;;;;;;;;;0;0;0.0
13:30:00;900;4;100;292.4;14.36;4198;228.9;17.61;4030;50;1002;;;;;;;;;;;;;;;;;;;;;0;0;0.0
13:45:00;900;1;100;262.0;14.97;3920;229.0;16.43;3764;50;937;;;;;;;;;;;;;;;;;;;;;0;0;0.0
13:45:00;900;2;100;278.8;13.23;3689;225.4;15.71;3541;50;882;;;;;;;;;;;;;;;;;;;;;0;0;0.0
13:45:00;900;3;100;266.2;14.35;3821;226.2;16.21;3669;50;913;;;;;;;;;;;;;;;;;;;;;0;0;0.0
13:45:00;900;4;100;287.1;14.03;4027;228.0;16.96;3866;51;962;;;;;;;;;;;;;;;;;;;;;0;0;0.0
14:00:00;900;1;100;262.3;13.99;3673;228.4;15.43;3526;49;878;;;;;;;;;;;;;;;;;;;;;0;0;0.0
14:00:00;900;2;100;279.9;12.44;3482;224.7;14.87;3343;49;832;;;;;;;;;;;;;;;;;;;;;0;0;0.0
14:00:00;900;3;100;267.7;13.48;3607;225.5;15.35;3463;49;865;;;;;;;;;;;;;;;;;;;;;0;0;0.0
14:00:00;900;4;100;287.8;13.18;3796;227.3;16.03;3644;50;906;;;;;;;;;;;;;;;;;;;;;0;0;0.0
14:15:00;900;1;100;259.8;11.64;3042;226.8;12.85;2920;48;728;;;;;;;;;;;;;;;;;;;;;0;0;0.0
14:15:00;900;2;100;286.1;10.18;2909;223.4;12.48;2792;48;696;;;;;;;;;;;;;;;;;;;;;0;0;0.0
14:15:00;900;3;100;272.7;11.14;3033;224.4;12.96;2912;47;726;;;;;;;;;;;;;;;;;;;;;0;0;0.0
14:15:00;900;4;100;288.9;10.93;3167;225.7;13.44;3040;48;759;;;;;;;;;;;;;;;;;;;;;0;0;0.0
14:30:00;900;1;100;262.9;12.20;3206;226.1;13.61;3078;48;768;;;;;;;;;;;;;;;;;;;;;0;0;0.0
14:30:00;900;2;100;287.5;10.79;3101;222.4;13.38;2977;48;740;;;;;;;;;;;;;;;;;;;;;0;0;0.0
14:30:00;900;3;100;273.2;11.73;3205;223.4;13.77;3077;48;764;;;;;;;;;;;;;;;;;;;;;0;0;0.0
14:30:00;900;4;100;291.0;11.48;3341;225.0;14.25;3207;48;800;;;;;;;;;;;;;;;;;;;;;0;0;0.0
14:45:00;900;1;100;263.8;11.26;2970;225.0;12.67;2851;49;707;;;;;;;;;;;;;;;;;;;;;0;0;0.0
14:45:00;900;2;100;289.1;9.95;2875;221.5;12.46;2761;49;688;;;;;;;;;;;;;;;;;;;;;0;0;0.0
14:45:00;900;3;100;274.1;10.81;2961;222.5;12.77;2842;49;704;;;;;;;;;;;;;;;;;;;;;0;0;0.0
14:45:00;900;4;100;292.0;10.47;3058;223.9;13.11;2936;49;731;;;;;;;;;;;;;;;;;;;;;0;0;0.0
15:00:00;900;1;100;263.0;8.69;2295;223.8;9.83;2203;49;550;;;;;;;;;;;;;;;;;;;;;0;0;0.0
15:00:00;900;2;100;296.4;7.59;2253;220.5;9.80;2163;50;539;;;;;;;;;;;;;;;;;;;;;0;0;0.0
15:00:00;900;3;100;281.1;8.25;2321;221.6;10.05;2229;49;555;;;;;;;;;;;;;;;;;;;;;0;0;0.0
15:00:00;900;4;100;296.2;8.00;2376;222.7;10.23;2281;50;567;;;;;;;;;;;;;;;;;;;;;0;0;0.0
15:15:00;900;1;100;264.7;8.83;2338;224.3;10.01;2244;49;560;;;;;;;;;;;;;;;;;;;;;0;0;0.0
15:15:00;900;2;100;298.5;7.78;2322;221.0;10.09;2229;50;553;;;;;;;;;;;;;;;;;;;;;0;0;0.0
15:15:00;900;3;100;282.8;8.47;2396;222.1;10.36;2301;49;573;;;;;;;;;;;;;;;;;;;;;0;0;0.0
15:15:00;900;4;100;297.4;8.20;2440;223.2;10.49;2342;50;582;;;;;;;;;;;;;;;;;;;;;0;0;0.0
15:30:00;900;1;100;265.0;7.51;1990;223.5;8.55;1911;49;475;;;;;;;;;;;;;;;;;;;;;0;0;0.0
15:30:00;900;2;100;301.4;6.61;1991;220.6;8.66;1911;50;477;;;;;;;;;;;;;;;;;;;;;0;0;0.0
15:30:00;900;3;100;285.6;7.18;2050;221.3;8.89;1968;49;491;;;;;;;;;;;;;;;;;;;;;0;0;0.0
15:30:00;900;4;100;299.1;6.91;2065;222.4;8.92;1983;50;493;;;;;;;;;;;;;;;;;;;;;0;0;0.0
15:45:00;900;1;100;265.3;6.79;1800;223.5;7.73;1729;48;431;;;;;;;;;;;;;;;;;;;;;0;0;0.0
15:45:00;900;2;100;305.4;5.99;1830;220.6;7.96;1757;49;438;;;;;;;;;;;;;;;;;;;;;0;0;0.0
15:45:00;900;3;100;288.8;6.55;1891;221.6;8.19;1815;49;453;;;;;;;;;;;;;;;;;;;;;0;0;0.0
15:45:00;900;4;100;302.0;6.25;1887;222.5;8.14;1812;50;452;;;;;;;;;;;;;;;;;;;;;0;0;0.0
16:00:00;900;1;100;264.6;5.54;1466;222.8;6.31;1407;46;349;;;;;;;;;;;;;;;;;;;;;0;0;0.0
16:00:00;900;2;100;309.6;4.83;1496;220.0;6.53;1436;48;357;;;;;;;;;;;;;;;;;;;;;0;0;0.0
16:00:00;900;3;100;292.4;5.29;1548;221.1;6.72;1486;48;369;;;;;;;;;;;;;;;;;;;;;0;0;0.0
16:00:00;900;4;100;303.3;5.03;1525;221.8;6.60;1464;48;365;;;;;;;;;;;;;;;;;;;;;0;0;0.0
Info;Time
16:15:00;674;1;100;262.7;4.02;1057;222.3;4.56;1015;45;162;;;;;;;;;;;;;;;;;;;;;0;0;0.0
16:15:00;674;2;100;308.7;3.58;1106;219.7;4.83;1062;46;171;;;;;;;;;;;;;;;;;;;;;0;0;0.0
16:15:00;674;3;100;292.9;3.91;1146;220.7;4.98;1100;46;176;;;;;;;;;;;;;;;;;;;;;0;0;0.0
16:15:00;674;4;100;302.2;3.71;1122;221.2;4.87;1077;47;173;;;;;;;;;;;;;;;;;;;;;0;0;0.0
16:30:00;900;1;100;262.4;3.97;1042;222.2;4.50;1001;44;250;;;;;;;;;;;;;;;;;;;;;0;0;0.0
16:30:00;900;2;100;309.7;3.57;1107;219.6;4.84;1063;45;265;;;;;;;;;;;;;;;;;;;;;0;0;0.0
16:30:00;900;3;100;293.9;3.90;1147;220.8;4.98;1101;45;275;;;;;;;;;;;;;;;;;;;;;0;0;0.0
16:30:00;900;4;100;303.7;3.67;1114;221.1;4.84;1070;46;267;;;;;;;;;;;;;;;;;;;;;0;0;0.0
16:45:00;900;1;100;236.0;1.20;285;220.7;1.24;274;42;68;;;;;;;;;;;;;;;;;;;;;0;0;0.0
16:45:00;900;2;100;297.8;1.00;299;218.2;1.32;287;44;71;;;;;;;;;;;;;;;;;;;;;0;0;0.0
16:45:00;900;3;100;284.3;1.10;315;219.5;1.38;302;44;75;;;;;;;;;;;;;;;;;;;;;0;0;0.0
16:45:00;900;4;100;283.9;1.04;297;219.6;1.30;286;44;71;;;;;;;;;;;;;;;;;;;;;0;0;0.0
17:00:00;900;1;100;227.4;0.84;192;221.3;0.83;185;40;46;;;;;;;;;;;;;;;;;;;;;0;0;0.0
17:00:00;900;2;100;296.3;0.71;210;219.0;0.92;202;42;51;;;;;;;;;;;;;;;;;;;;;0;0;0.0
17:00:00;900;3;100;284.0;0.78;222;220.0;0.97;213;42;53;;;;;;;;;;;;;;;;;;;;;0;0;0.0
17:00:00;900;4;100;280.1;0.72;201;220.3;0.88;194;42;48;;;;;;;;;;;;;;;;;;;;;0;0;0.0
17:15:00;900;1;100;221.2;0.73;163;222.5;0.70;157;39;39;;;;;;;;;;;;;;;;;;;;;0;0;0.0
17:15:00;900;2;100;290.7;0.63;187;220.3;0.81;180;41;44;;;;;;;;;;;;;;;;;;;;;0;0;0.0
17:15:00;900;3;100;281.6;0.71;200;221.7;0.87;192;40;48;;;;;;;;;;;;;;;;;;;;;0;0;0.0
17:15:00;900;4;100;271.2;0.63;172;221.4;0.75;166;41;42;;;;;;;;;;;;;;;;;;;;;0;0;0.0
17:30:00;900;1;100;200.0;0.23;45;223.0;0.19;44;38;11;;;;;;;;;;;;;;;;;;;;;0;0;0.0
17:30:00;900;2;100;208.6;0.19;41;221.0;0.18;39;39;10;;;;;;;;;;;;;;;;;;;;;0;0;0.0
17:30:00;900;3;100;201.4;0.24;48;222.0;0.21;46;39;11;;;;;;;;;;;;;;;;;;;;;0;0;0.0
17:30:00;900;4;100;200.0;0.18;37;222.0;0.16;36;39;9;;;;;;;;;;;;;;;;;;;;;0;0;0.0
17:45:00;900;1;100;205.5;0.02;5;222.5;0.02;5;37;1;;;;;;;;;;;;;;;;;;;;;0;0;0.0
17:45:00;900;2;100;243.8;0.04;9;220.8;0.04;8;39;2;;;;;;;;;;;;;;;;;;;;;0;0;0.0
17:45:00;900;3;100;205.9;0.07;15;221.8;0.06;14;38;3;;;;;;;;;;;;;;;;;;;;;0;0;0.0
17:45:00;900;4;100;209.1;0.03;6;221.5;0.03;6;38;1;;;;;;;;;;;;;;;;;;;;;0;0;0.0
18:00:00;900;1;100;152.8;0.00;0;222.3;0.00;0;35;0;;;;;;;;;;;;;;;;;;;;;0;0;0.0
18:00:00;900;2;100;245.8;0.00;0;220.7;0.00;0;37;0;;;;;;;;;;;;;;;;;;;;;0;0;0.0
18:00:00;900;3;100;251.6;0.00;0;221.4;0.00;0;36;0;;;;;;;;;;;;;;;;;;;;;0;0;0.0
18:00:00;900;4;100;227.9;0.00;0;221.4;0.00;0;37;0;;;;;;;;;;;;;;;;;;;;;0;0;0.0
18:15:00;900;1;100;74.8;0.00;0;222.5;0.00;0;35;0;;;;;;;;;;;;;;;;;;;;;0;0;0.0
18:15:00;900;2;100;138.3;0.00;0;220.1;0.00;0;35;0;;;;;;;;;;;;;;;;;;;;;0;0;0.0
18:15:00;900;3;100;151.8;0.00;0;221.2;0.00;0;35;0;;;;;;;;;;;;;;;;;;;;;0;0;0.0
18:15:00;900;4;100;112.8;0.00;0;221.3;0.00;0;36;0;;;;;;;;;;;;;;;;;;;;;0;0;0.0
18:30:00;900;1;;;;;;;;;;;;;;;;;;;;;;;;;;;;;;;;
18:30:00;900;2;;;;;;;;;;;;;;;;;;;;;;;;;;;;;;;;
18:30:00;900;3;;;;;;;;;;;;;;;;;;;;;;;;;;;;;;;;
18:30:00;900;4;;;;;;;;;;;;;;;;;;;;;;;;;;;;;;;;
18:45:00;900;1;;;;;;;;;;;;;;;;;;;;;;;;;;;;;;;;
18:45:00;900;2;;;;;;;;;;;;;;;;;;;;;;;;;;;;;;;;
18:45:00;900;3;;;;;;;;;;;;;;;;;;;;;;;;;;;;;;;;
18:45:00;900;4;;;;;;;;;;;;;;;;;;;;;;;;;;;;;;;;
19:00:00;900;1;;;;;;;;;;;;;;;;;;;;;;;;;;;;;;;;
19:00:00;900;2;;;;;;;;;;;;;;;;;;;;;;;;;;;;;;;;
19:00:00;900;3;;;;;;;;;;;;;;;;;;;;;;;;;;;;;;;;
19:00:00;900;4;;;;;;;;;;;;;;;;;;;;;;;;;;;;;;;;
19:15:00;900;1;;;;;;;;;;;;;;;;;;;;;;;;;;;;;;;;
19:15:00;900;2;;;;;;;;;;;;;;;;;;;;;;;;;;;;;;;;
19:15:00;900;3;;;;;;;;;;;;;;;;;;;;;;;;;;;;;;;;
19:15:00;900;4;;;;;;;;;;;;;;;;;;;;;;;;;;;;;;;;
19:30:00;900;1;;;;;;;;;;;;;;;;;;;;;;;;;;;;;;;;
19:30:00;900;2;;;;;;;;;;;;;;;;;;;;;;;;;;;;;;;;
19:30:00;900;3;;;;;;;;;;;;;;;;;;;;;;;;;;;;;;;;
19:30:00;900;4;;;;;;;;;;;;;;;;;;;;;;;;;;;;;;;;
19:45:00;900;1;;;;;;;;;;;;;;;;;;;;;;;;;;;;;;;;
19:45:00;900;2;;;;;;;;;;;;;;;;;;;;;;;;;;;;;;;;
19:45:00;900;3;;;;;;;;;;;;;;;;;;;;;;;;;;;;;;;;
19:45:00;900;4;;;;;;;;;;;;;;;;;;;;;;;;;;;;;;;;
20:00:00;900;1;;;;;;;;;;;;;;;;;;;;;;;;;;;;;;;;
20:00:00;900;2;;;;;;;;;;;;;;;;;;;;;;;;;;;;;;;;
20:00:00;900;3;;;;;;;;;;;;;;;;;;;;;;;;;;;;;;;;
20:00:00;900;4;;;;;;;;;;;;;;;;;;;;;;;;;;;;;;;;
20:15:00;900;1;;;;;;;;;;;;;;;;;;;;;;;;;;;;;;;;
20:15:00;900;2;;;;;;;;;;;;;;;;;;;;;;;;;;;;;;;;
20:15:00;900;3;;;;;;;;;;;;;;;;;;;;;;;;;;;;;;;;
20:15:00;900;4;;;;;;;;;;;;;;;;;;;;;;;;;;;;;;;;
20:30:00;900;1;;;;;;;;;;;;;;;;;;;;;;;;;;;;;;;;
20:30:00;900;2;;;;;;;;;;;;;;;;;;;;;;;;;;;;;;;;
20:30:00;900;3;;;;;;;;;;;;;;;;;;;;;;;;;;;;;;;;
20:30:00;900;4;;;;;;;;;;;;;;;;;;;;;;;;;;;;;;;;
20:45:00;900;1;;;;;;;;;;;;;;;;;;;;;;;;;;;;;;;;
20:45:00;900;2;;;;;;;;;;;;;;;;;;;;;;;;;;;;;;;;
20:45:00;900;3;;;;;;;;;;;;;;;;;;;;;;;;;;;;;;;;
20:45:00;900;4;;;;;;;;;;;;;;;;;;;;;;;;;;;;;;;;
21:00:00;900;1;;;;;;;;;;;;;;;;;;;;;;;;;;;;;;;;
21:00:00;900;2;;;;;;;;;;;;;;;;;;;;;;;;;;;;;;;;
21:00:00;900;3;;;;;;;;;;;;;;;;;;;;;;;;;;;;;;;;
21:00:00;900;4;;;;;;;;;;;;;;;;;;;;;;;;;;;;;;;;
21:15:00;900;1;;;;;;;;;;;;;;;;;;;;;;;;;;;;;;;;
21:15:00;900;2;;;;;;;;;;;;;;;;;;;;;;;;;;;;;;;;
21:15:00;900;3;;;;;;;;;;;;;;;;;;;;;;;;;;;;;;;;
21:15:00;900;4;;;;;;;;;;;;;;;;;;;;;;;;;;;;;;;;
21:30:00;900;1;;;;;;;;;;;;;;;;;;;;;;;;;;;;;;;;
21:30:00;900;2;;;;;;;;;;;;;;;;;;;;;;;;;;;;;;;;
21:30:00;900;3;;;;;;;;;;;;;;;;;;;;;;;;;;;;;;;;
21:30:00;900;4;;;;;;;;;;;;;;;;;;;;;;;;;;;;;;;;
21:45:00;900;1;;;;;;;;;;;;;;;;;;;;;;;;;;;;;;;;
21:45:00;900;2;;;;;;;;;;;;;;;;;;;;;;;;;;;;;;;;
21:45:00;900;3;;;;;;;;;;;;;;;;;;;;;;;;;;;;;;;;
21:45:00;900;4;;;;;;;;;;;;;;;;;;;;;;;;;;;;;;;;
22:00:00;900;1;;;;;;;;;;;;;;;;;;;;;;;;;;;;;;;;
22:00:00;900;2;;;;;;;;;;;;;;;;;;;;;;;;;;;;;;;;
22:00:00;900;3;;;;;;;;;;;;;;;;;;;;;;;;;;;;;;;;
22:00:00;900;4;;;;;;;;;;;;;;;;;;;;;;;;;;;;;;;;
22:15:00;900;1;;;;;;;;;;;;;;;;;;;;;;;;;;;;;;;;
22:15:00;900;2;;;;;;;;;;;;;;;;;;;;;;;;;;;;;;;;
22:15:00;900;3;;;;;;;;;;;;;;;;;;;;;;;;;;;;;;;;
22:15:00;900;4;;;;;;;;;;;;;;;;;;;;;;;;;;;;;;;;
22:30:00;900;1;;;;;;;;;;;;;;;;;;;;;;;;;;;;;;;;
22:30:00;900;2;;;;;;;;;;;;;;;;;;;;;;;;;;;;;;;;
22:30:00;900;3;;;;;;;;;;;;;;;;;;;;;;;;;;;;;;;;
22:30:00;900;4;;;;;;;;;;;;;;;;;;;;;;;;;;;;;;;;
22:45:00;900;1;;;;;;;;;;;;;;;;;;;;;;;;;;;;;;;;
22:45:00;900;2;;;;;;;;;;;;;;;;;;;;;;;;;;;;;;;;
22:45:00;900;3;;;;;;;;;;;;;;;;;;;;;;;;;;;;;;;;
22:45:00;900;4;;;;;;;;;;;;;;;;;;;;;;;;;;;;;;;;
23:00:00;900;1;;;;;;;;;;;;;;;;;;;;;;;;;;;;;;;;
23:00:00;900;2;;;;;;;;;;;;;;;;;;;;;;;;;;;;;;;;
23:00:00;900;3;;;;;;;;;;;;;;;;;;;;;;;;;;;;;;;;
23:00:00;900;4;;;;;;;;;;;;;;;;;;;;;;;;;;;;;;;;
23:15:00;900;1;;;;;;;;;;;;;;;;;;;;;;;;;;;;;;;;
23:15:00;900;2;;;;;;;;;;;;;;;;;;;;;;;;;;;;;;;;
23:15:00;900;3;;;;;;;;;;;;;;;;;;;;;;;;;;;;;;;;
23:15:00;900;4;;;;;;;;;;;;;;;;;;;;;;;;;;;;;;;;
23:30:00;900;1;;;;;;;;;;;;;;;;;;;;;;;;;;;;;;;;
23:30:00;900;2;;;;;;;;;;;;;;;;;;;;;;;;;;;;;;;;
23:30:00;900;3;;;;;;;;;;;;;;;;;;;;;;;;;;;;;;;;
23:30:00;900;4;;;;;;;;;;;;;;;;;;;;;;;;;;;;;;;;
23:45:00;900;1;;;;;;;;;;;;;;;;;;;;;;;;;;;;;;;;
23:45:00;900;2;;;;;;;;;;;;;;;;;;;;;;;;;;;;;;;;
23:45:00;900;3;;;;;;;;;;;;;;;;;;;;;;;;;;;;;;;;
23:45:00;900;4;;;;;;;;;;;;;;;;;;;;;;;;;;;;;;;;
24:00:00;900;1;;;;;;;;;;;;;;;;;;;;;;;;;;;;;;;;
24:00:00;900;2;;;;;;;;;;;;;;;;;;;;;;;;;;;;;;;;
24:00:00;900;3;;;;;;;;;;;;;;;;;;;;;;;;;;;;;;;;
24:00:00;900;4;;;;;;;;;;;;;;;;;;;;;;;;;;;;;;;;
