;Addr;S_OLD;S_NEW;U_DC_0;I_DC_0;P_DC_WR;U_AC_0;I_AC_0;P_AC_WR;T_WR;E_D_WR;U_DC_1;I_DC_1;P_DC_1;U_DC_2;I_DC_2;P_DC_2;U_DC_3;I_DC_3;P_DC_3;U_AC_1;I_AC_1;P_AC_1;U_AC_2;I_AC_2;P_AC_2;U_AC_3;I_AC_3;P_AC_3;COS_PHI;;;;
;;;;V;A;W;V;A;W;°C;Wh;V;A;W;V;A;W;V;A;W;V;A;W;V;A;W;V;A;W;;;;;
06:02:30;3;1;2;25.5;0.00;0;220.8;0.00;0;15;0;;;;;;;;;;;;;;;;;;;;;0;0;0.0
06:02:34;3;2;1;7.2;0.00;0;220.8;0.00;0;15;0;;;;;;;;;;;;;;;;;;;;;0;0;0.0
06:20:07;4;1;3;304.9;0.00;0;220.5;0.00;0;15;0;;;;;;;;;;;;;;;;;;;;;0;0;0.0
06:21:00;3;1;3;309.7;0.00;0;219.4;0.00;0;15;0;;;;;;;;;;;;;;;;;;;;;0;0;0.0
06:23:01;2;1;3;328.1;0.00;0;219.7;0.00;0;15;0;;;;;;;;;;;;;;;;;;;;;0;0;0.0
06:25:14;1;1;3;284.0;0.00;0;221.8;0.00;0;15;0;;;;;;;;;;;;;;;;;;;;;0;0;0.0
06:25:39;3;3;4;200.0;0.44;87;219.6;0.38;84;15;4;;;;;;;;;;;;;;;;;;;;;0;0;0.0
06:25:40;4;3;4;228.7;0.37;84;220.2;0.37;81;15;3;;;;;;;;;;;;;;;;;;;;;0;0;0.0
06:25:43;3;4;3;200.0;0.48;96;220.2;0.42;93;15;4;;;;;;;;;;;;;;;;;;;;;0;0;0.0
06:26:18;3;3;4;200.0;0.49;98;219.7;0.43;94;15;5;;;;;;;;;;;;;;;;;;;;;0;0;0.0
06:27:12;2;3;4;200.0;0.46;92;219.8;0.40;89;15;4;;;;;;;;;;;;;;;;;;;;;0;0;0.0
06:28:46;1;3;4;200.0;0.44;87;221.4;0.38;84;15;2;;;;;;;;;;;;;;;;;;;;;0;0;0.0
06:28:50;1;4;3;203.7;0.47;96;221.5;0.42;92;15;3;;;;;;;;;;;;;;;;;;;;;0;0;0.0
06:28:58;1;3;4;199.9;0.49;99;221.7;0.43;95;15;3;;;;;;;;;;;;;;;;;;;;;0;0;0.0
11:58:14;1;4;3;212.2;0.47;101;224.4;0.43;97;35;69;;;;;;;;;;;;;;;;;;;;;0;0;0.0
11:58:17;1;3;4;212.6;0.43;93;224.0;0.40;89;35;69;;;;;;;;;;;;;;;;;;;;;0;0;0.0
11:58:21;1;4;3;215.2;0.43;92;223.8;0.39;88;35;69;;;;;;;;;;;;;;;;;;;;;0;0;0.0
11:58:25;1;3;4;226.0;0.42;94;223.4;0.40;90;35;69;;;;;;;;;;;;;;;;;;;;;0;0;0.0
11:58:36;1;4;3;203.2;0.44;91;224.2;0.39;87;35;69;;;;;;;;;;;;;;;;;;;;;0;0;0.0
11:58:39;4;4;64;263.9;0.48;127;223.1;0.55;123;38;83;;;;;;;;;;;;;;;;;;;;;0;0;0.0
11:58:43;4;64;4;272.3;0.46;125;223.3;0.54;120;38;83;;;;;;;;;;;;;;;;;;;;;0;0;0.0
11:58:56;1;3;4;201.7;0.45;92;224.3;0.39;88;35;70;;;;;;;;;;;;;;;;;;;;;0;0;0.0
11:59:00;1;4;3;199.9;0.44;88;224.4;0.38;84;35;70;;;;;;;;;;;;;;;;;;;;;0;0;0.0
12:01:25;4;4;3;247.2;0.38;94;223.4;0.40;90;37;2;;;;;;;;;;;;;;;;;;;;;0;0;0.0
12:01:47;2;4;3;278.7;0.36;101;222.5;0.43;97;36;3;;;;;;;;;;;;;;;;;;;;;0;0;0.0
12:01:51;2;3;4;263.3;0.39;104;222.4;0.45;100;36;3;;;;;;;;;;;;;;;;;;;;;0;0;0.0
12:01:59;2;4;3;265.7;0.38;101;222.4;0.43;97;36;4;;;;;;;;;;;;;;;;;;;;;0;0;0.0
12:02:03;2;3;4;268.8;0.39;104;222.4;0.45;100;36;4;;;;;;;;;;;;;;;;;;;;;0;0;0.0
12:02:23;2;4;3;271.9;0.36;98;222.5;0.42;94;36;4;;;;;;;;;;;;;;;;;;;;;0;0;0.0
12:02:27;2;3;4;282.3;0.35;100;222.5;0.43;96;36;4;;;;;;;;;;;;;;;;;;;;;0;0;0.0
12:02:49;2;4;3;270.8;0.35;95;223.0;0.41;92;36;5;;;;;;;;;;;;;;;;;;;;;0;0;0.0
12:02:53;2;3;4;273.8;0.36;99;222.9;0.43;95;36;5;;;;;;;;;;;;;;;;;;;;;0;0;0.0
12:03:25;2;4;3;283.3;0.34;97;222.4;0.42;93;36;6;;;;;;;;;;;;;;;;;;;;;0;0;0.0
12:03:29;2;3;4;272.0;0.37;102;222.6;0.44;98;36;6;;;;;;;;;;;;;;;;;;;;;0;0;0.0
12:03:33;2;4;3;262.6;0.38;99;222.5;0.43;95;36;6;;;;;;;;;;;;;;;;;;;;;0;0;0.0
12:04:22;3;4;3;259.1;0.44;115;222.3;0.50;111;36;9;;;;;;;;;;;;;;;;;;;;;0;0;0.0
12:04:26;3;3;4;269.5;0.43;115;223.1;0.50;111;36;9;;;;;;;;;;;;;;;;;;;;;0;0;0.0
12:08:07;3;4;3;278.6;0.40;112;222.9;0.48;108;35;15;;;;;;;;;;;;;;;;;;;;;0;0;0.0
12:08:11;3;3;4;246.7;0.47;117;223.1;0.50;112;35;15;;;;;;;;;;;;;;;;;;;;;0;0;0.0
12:11:05;1;3;4;199.9;0.43;86;223.5;0.37;83;33;12;;;;;;;;;;;;;;;;;;;;;0;0;0.0
12:11:09;1;4;3;199.9;0.49;97;223.7;0.42;94;33;12;;;;;;;;;;;;;;;;;;;;;0;0;0.0
12:11:41;1;3;4;199.7;0.44;89;224.2;0.38;85;33;13;;;;;;;;;;;;;;;;;;;;;0;0;0.0
12:11:53;1;4;3;212.5;0.45;96;224.3;0.41;93;33;14;;;;;;;;;;;;;;;;;;;;;0;0;0.0
12:11:56;4;3;4;204.1;0.45;92;223.0;0.40;88;36;15;;;;;;;;;;;;;;;;;;;;;0;0;0.0
12:11:57;1;3;4;210.1;0.44;93;224.2;0.40;90;33;14;;;;;;;;;;;;;;;;;;;;;0;0;0.0
12:12:00;4;4;3;199.9;0.50;100;223.3;0.43;96;36;15;;;;;;;;;;;;;;;;;;;;;0;0;0.0
12:12:04;4;3;4;199.9;0.47;94;222.9;0.40;90;36;15;;;;;;;;;;;;;;;;;;;;;0;0;0.0
12:12:26;2;3;4;199.9;0.46;93;222.8;0.40;89;35;17;;;;;;;;;;;;;;;;;;;;;0;0;0.0
12:12:28;4;4;64;267.3;0.47;126;223.3;0.54;122;36;16;;;;;;;;;;;;;;;;;;;;;0;0;0.0
12:12:34;4;64;4;266.9;0.47;125;223.2;0.54;120;36;16;;;;;;;;;;;;;;;;;;;;;0;0;0.0
16:02:17;1;4;3;199.6;0.50;100;227.3;0.42;96;32;4;;;;;;;;;;;;;;;;;;;;;0;0;0.0
16:02:25;1;3;4;199.9;0.46;93;227.5;0.39;89;32;4;;;;;;;;;;;;;;;;;;;;;0;0;0.0
16:02:29;1;4;3;199.6;0.45;90;227.3;0.38;87;32;4;;;;;;;;;;;;;;;;;;;;;0;0;0.0
16:02:48;4;4;3;277.0;0.38;104;226.1;0.44;100;34;6;;;;;;;;;;;;;;;;;;;;;0;0;0.0
16:02:52;4;3;4;258.1;0.40;104;225.7;0.44;100;34;6;;;;;;;;;;;;;;;;;;;;;0;0;0.0
16:03:03;3;4;3;255.9;0.46;117;225.9;0.50;113;34;8;;;;;;;;;;;;;;;;;;;;;0;0;0.0
16:03:11;3;3;4;240.6;0.43;103;226.5;0.44;99;34;8;;;;;;;;;;;;;;;;;;;;;0;0;0.0
16:03:12;4;4;3;255.3;0.37;96;226.5;0.41;92;34;7;;;;;;;;;;;;;;;;;;;;;0;0;0.0
16:03:20;2;4;3;280.4;0.35;100;226.0;0.42;96;34;7;;;;;;;;;;;;;;;;;;;;;0;0;0.0
16:03:21;3;4;3;249.5;0.42;106;226.1;0.45;102;34;8;;;;;;;;;;;;;;;;;;;;;0;0;0.0
16:03:24;2;3;4;277.8;0.36;99;225.9;0.42;95;34;7;;;;;;;;;;;;;;;;;;;;;0;0;0.0
16:03:25;3;3;4;275.4;0.41;113;226.3;0.48;108;34;8;;;;;;;;;;;;;;;;;;;;;0;0;0.0
16:03:28;2;4;3;290.4;0.32;95;225.9;0.40;91;34;8;;;;;;;;;;;;;;;;;;;;;0;0;0.0
16:04:05;3;4;3;256.6;0.37;94;224.0;0.40;90;34;9;;;;;;;;;;;;;;;;;;;;;0;0;0.0
16:13:32;1;3;1;199.8;0.00;0;225.3;0.00;0;31;11;;;;;;;;;;;;;;;;;;;;;0;0;0.0
16:13:45;2;3;1;205.0;0.00;0;223.4;0.00;0;33;13;;;;;;;;;;;;;;;;;;;;;0;0;0.0
16:15:29;3;3;1;199.9;0.00;0;224.7;0.00;0;33;0;;;;;;;;;;;;;;;;;;;;;0;0;0.0
16:15:54;4;3;1;200.0;0.00;0;224.7;0.00;0;33;0;;;;;;;;;;;;;;;;;;;;;0;0;0.0
16:16:33;1;1;3;255.0;0.00;0;225.3;0.00;0;31;0;;;;;;;;;;;;;;;;;;;;;0;0;0.0
16:16:41;1;3;1;162.0;0.00;0;225.5;0.00;0;31;0;;;;;;;;;;;;;;;;;;;;;0;0;0.0
16:17:19;2;1;3;310.8;0.00;0;223.1;0.00;0;33;0;;;;;;;;;;;;;;;;;;;;;0;0;0.0
16:18:25;3;1;3;294.4;0.00;0;224.6;0.00;0;32;0;;;;;;;;;;;;;;;;;;;;;0;0;0.0
16:21:20;3;3;1;220.6;0.00;0;224.1;0.00;0;32;0;;;;;;;;;;;;;;;;;;;;;0;0;0.0
16:22:28;2;1;3;311.3;0.00;0;223.6;0.00;0;32;0;;;;;;;;;;;;;;;;;;;;;0;0;0.0
16:24:02;3;1;3;298.5;0.00;0;224.3;0.00;0;32;0;;;;;;;;;;;;;;;;;;;;;0;0;0.0
16:24:37;4;1;3;292.7;0.00;0;224.6;0.00;0;32;0;;;;;;;;;;;;;;;;;;;;;0;0;0.0
16:26:30;3;3;1;224.0;0.00;0;224.8;0.00;0;31;0;;;;;;;;;;;;;;;;;;;;;0;0;0.0
16:26:31;4;3;1;219.5;0.00;0;224.8;0.00;0;32;0;;;;;;;;;;;;;;;;;;;;;0;0;0.0
16:27:57;2;1;3;319.2;0.00;0;224.2;0.00;0;31;0;;;;;;;;;;;;;;;;;;;;;0;0;0.0
16:29:03;1;1;3;277.6;0.00;0;225.2;0.00;0;30;0;;;;;;;;;;;;;;;;;;;;;0;0;0.0
16:29:36;3;1;3;303.4;0.00;0;224.1;0.00;0;31;0;;;;;;;;;;;;;;;;;;;;;0;0;0.0
16:31:22;1;3;1;208.3;0.00;0;225.4;0.00;0;30;0;;;;;;;;;;;;;;;;;;;;;0;0;0.0
16:33:37;2;1;3;328.3;0.00;0;224.0;0.00;0;31;0;;;;;;;;;;;;;;;;;;;;;0;0;0.0
16:34:29;1;1;3;301.8;0.00;0;225.5;0.00;0;29;0;;;;;;;;;;;;;;;;;;;;;0;0;0.0
16:36:57;1;3;1;226.7;0.00;0;226.0;0.00;0;29;0;;;;;;;;;;;;;;;;;;;;;0;0;0.0
16:40:14;1;1;3;304.4;0.00;0;225.6;0.00;0;29;0;;;;;;;;;;;;;;;;;;;;;0;0;0.0
16:42:32;1;3;1;228.1;0.00;0;225.8;0.00;0;29;0;;;;;;;;;;;;;;;;;;;;;0;0;0.0
16:45:39;1;1;3;306.4;0.00;0;225.6;0.00;0;29;0;;;;;;;;;;;;;;;;;;;;;0;0;0.0
16:48:08;1;3;1;230.0;0.00;0;225.6;0.00;0;28;0;;;;;;;;;;;;;;;;;;;;;0;0;0.0
16:51:23;1;1;3;304.4;0.00;0;225.8;0.00;0;28;0;;;;;;;;;;;;;;;;;;;;;0;0;0.0
16:53:41;1;3;1;228.4;0.00;0;226.0;0.00;0;28;0;;;;;;;;;;;;;;;;;;;;;0;0;0.0
16:56:52;1;1;3;293.8;0.00;0;226.0;0.00;0;28;0;;;;;;;;;;;;;;;;;;;;;0;0;0.0
16:59:15;1;3;1;220.3;0.00;0;226.3;0.00;0;28;0;;;;;;;;;;;;;;;;;;;;;0;0;0.0
17:01:34;2;3;1;246.5;0.02;5;224.9;0.02;5;30;0;;;;;;;;;;;;;;;;;;;;;0;0;0.0
17:02:14;1;1;3;286.1;0.00;0;225.8;0.00;0;28;0;;;;;;;;;;;;;;;;;;;;;0;0;0.0
17:04:38;2;1;3;322.0;0.00;0;224.1;0.00;0;29;0;;;;;;;;;;;;;;;;;;;;;0;0;0.0
17:04:50;1;3;1;210.3;0.00;0;225.9;0.00;0;27;0;;;;;;;;;;;;;;;;;;;;;0;0;0.0
17:05:41;4;3;1;224.7;0.00;0;225.0;0.00;0;30;0;;;;;;;;;;;;;;;;;;;;;0;0;0.0
17:06:57;3;3;1;227.3;0.02;6;225.5;0.02;6;29;1;;;;;;;;;;;;;;;;;;;;;0;0;0.0
17:07:00;2;3;1;240.9;0.00;0;224.6;0.00;0;29;0;;;;;;;;;;;;;;;;;;;;;0;0;0.0
17:07:48;1;1;3;274.8;0.00;0;226.3;0.00;0;27;0;;;;;;;;;;;;;;;;;;;;;0;0;0.0
17:08:46;4;1;3;298.5;0.00;0;225.1;0.00;0;30;0;;;;;;;;;;;;;;;;;;;;;0;0;0.0
17:09:52;3;1;3;302.7;0.00;0;225.0;0.00;0;29;1;;;;;;;;;;;;;;;;;;;;;0;0;0.0
17:10:09;2;1;3;319.9;0.00;0;224.7;0.00;0;29;0;;;;;;;;;;;;;;;;;;;;;0;0;0.0
17:10:23;1;3;1;203.1;0.00;0;226.0;0.00;0;27;0;;;;;;;;;;;;;;;;;;;;;0;0;0.0
17:12:38;3;3;1;226.8;0.00;1;225.2;0.00;1;29;1;;;;;;;;;;;;;;;;;;;;;0;0;0.0
17:12:52;2;3;1;239.9;0.00;0;224.4;0.00;0;29;0;;;;;;;;;;;;;;;;;;;;;0;0;0.0
17:13:25;1;1;3;270.1;0.00;0;226.2;0.00;0;27;0;;;;;;;;;;;;;;;;;;;;;0;0;0.0
17:14:26;4;1;3;296.1;0.00;0;225.2;0.00;0;29;0;;;;;;;;;;;;;;;;;;;;;0;0;0.0
17:14:48;1;3;1;180.3;0.00;0;225.3;0.00;0;27;0;;;;;;;;;;;;;;;;;;;;;0;0;0.0
17:15:36;2;1;3;314.9;0.00;0;224.6;0.00;0;29;0;;;;;;;;;;;;;;;;;;;;;0;0;0.0
17:16:51;4;3;1;221.3;0.00;0;224.9;0.00;0;29;0;;;;;;;;;;;;;;;;;;;;;0;0;0.0
17:18:09;3;3;1;224.5;0.00;0;225.7;0.00;0;29;0;;;;;;;;;;;;;;;;;;;;;0;0;0.0
17:18:21;2;3;1;236.4;0.00;0;224.8;0.00;0;29;0;;;;;;;;;;;;;;;;;;;;;0;0;0.0
17:19:58;4;1;3;284.0;0.00;0;225.3;0.00;0;29;0;;;;;;;;;;;;;;;;;;;;;0;0;0.0
17:20:59;1;1;3;219.5;0.00;0;226.5;0.00;0;26;0;;;;;;;;;;;;;;;;;;;;;0;0;0.0
17:21:05;1;3;1;125.2;0.00;0;226.6;0.00;0;26;0;;;;;;;;;;;;;;;;;;;;;0;0;0.0
17:21:10;3;1;3;290.9;0.00;0;225.4;0.00;0;28;0;;;;;;;;;;;;;;;;;;;;;0;0;0.0
17:21:13;2;1;3;303.2;0.00;0;225.0;0.00;0;28;0;;;;;;;;;;;;;;;;;;;;;0;0;0.0
17:22:20;4;3;1;208.2;0.00;0;225.2;0.00;0;29;0;;;;;;;;;;;;;;;;;;;;;0;0;0.0
17:23:41;3;3;1;211.7;0.00;0;225.3;0.00;0;28;0;;;;;;;;;;;;;;;;;;;;;0;0;0.0
17:23:44;2;3;1;203.3;0.00;0;224.3;0.00;0;28;0;;;;;;;;;;;;;;;;;;;;;0;0;0.0
17:25:24;4;1;3;269.0;0.00;0;224.4;0.00;0;29;0;;;;;;;;;;;;;;;;;;;;;0;0;0.0
17:26:40;3;1;3;281.3;0.00;0;224.8;0.00;0;28;0;;;;;;;;;;;;;;;;;;;;;0;0;0.0
17:26:46;3;3;1;137.0;0.00;0;225.3;0.00;0;28;0;;;;;;;;;;;;;;;;;;;;;0;0;0.0
17:51:16;1;1;2;80.0;0.00;0;226.3;0.00;0;25;0;;;;;;;;;;;;;;;;;;;;;0;0;0.0
17:53:56;2;1;49;191.2;0.00;0;224.1;0.00;0;26;0;;;;;;;;;;;;;;;;;;;;;0;0;0.0
17:53:57;3;1;48;209.1;0.00;0;224.6;0.00;0;26;0;;;;;;;;;;;;;;;;;;;;;0;0;0.0
17:54:09;2;49;57;187.8;0.00;0;225.4;0.00;0;26;0;;;;;;;;;;;;;;;;;;;;;0;0;0.0
17:54:10;3;48;57;206.6;0.00;0;225.7;0.00;0;26;0;;;;;;;;;;;;;;;;;;;;;0;0;0.0
17:59:55;3;57;1;160.2;0.00;0;225.7;0.00;0;26;0;;;;;;;;;;;;;;;;;;;;;0;0;0.0
17:59:56;4;1;2;81.3;0.00;0;225.4;0.00;0;26;0;;;;;;;;;;;;;;;;;;;;;0;0;0.0
18:00:00;2;57;1;137.0;0.00;0;224.0;0.00;0;26;0;;;;;;;;;;;;;;;;;;;;;0;0;0.0
18:05:29;2;1;2;81.7;0.00;0;223.8;0.00;0;25;0;;;;;;;;;;;;;;;;;;;;;0;0;0.0
18:09:39;3;1;2;80.3;0.00;0;224.3;0.00;0;25;0;;;;;;;;;;;;;;;;;;;;;0;0;0.0
