;Addr;S_OLD;S_NEW;U_DC_0;I_DC_0;P_DC_WR;U_AC_0;I_AC_0;P_AC_WR;T_WR;E_D_WR;U_DC_1;I_DC_1;P_DC_1;U_DC_2;I_DC_2;P_DC_2;U_DC_3;I_DC_3;P_DC_3;U_AC_1;I_AC_1;P_AC_1;U_AC_2;I_AC_2;P_AC_2;U_AC_3;I_AC_3;P_AC_3;COS_PHI;;;;
;;;;V;A;W;V;A;W;°C;Wh;V;A;W;V;A;W;V;A;W;V;A;W;V;A;W;V;A;W;;;;;
04:59:02;4;0;1;0.0;0.00;0;0.0;0.00;0;0;0;;;;;;;;;;;;;;;;;;;;;0;0;0.0
05:05:16;3;1;2;26.8;0.00;0;221.3;0.00;0;14;0;;;;;;;;;;;;;;;;;;;;;0;0;0.0
05:05:20;3;2;1;7.6;0.00;0;221.2;0.00;0;14;0;;;;;;;;;;;;;;;;;;;;;0;0;0.0
05:23:47;3;1;3;310.8;0.00;0;222.9;0.00;0;14;0;;;;;;;;;;;;;;;;;;;;;0;0;0.0
05:25:08;2;1;3;329.6;0.00;0;221.9;0.00;0;14;0;;;;;;;;;;;;;;;;;;;;;0;0;0.0
05:26:17;3;3;1;232.9;0.00;0;223.3;0.00;0;14;0;;;;;;;;;;;;;;;;;;;;;0;0;0.0
05:27:38;2;3;1;247.3;0.00;0;221.9;0.00;0;14;0;;;;;;;;;;;;;;;;;;;;;0;0;0.0
05:28:16;4;1;3;308.4;0.00;0;222.3;0.00;0;14;0;;;;;;;;;;;;;;;;;;;;;0;0;0.0
05:29:17;3;1;3;314.9;0.00;0;222.7;0.00;0;14;0;;;;;;;;;;;;;;;;;;;;;0;0;0.0
05:30:42;2;1;3;335.4;0.00;0;221.4;0.00;0;14;0;;;;;;;;;;;;;;;;;;;;;0;0;0.0
05:31:13;1;1;3;307.8;0.00;0;223.7;0.00;0;14;0;;;;;;;;;;;;;;;;;;;;;0;0;0.0
05:33:43;1;3;1;231.3;0.00;0;223.7;0.00;0;14;0;;;;;;;;;;;;;;;;;;;;;0;0;0.0
05:36:47;1;1;3;320.5;0.00;0;223.7;0.00;0;14;0;;;;;;;;;;;;;;;;;;;;;0;0;0.0
05:49:33;2;3;4;252.0;0.38;96;221.7;0.42;93;15;4;;;;;;;;;;;;;;;;;;;;;0;0;0.0
05:49:34;3;3;4;236.1;0.42;99;223.0;0.43;95;15;4;;;;;;;;;;;;;;;;;;;;;0;0;0.0
05:49:35;4;3;4;231.4;0.32;75;222.9;0.32;72;15;4;;;;;;;;;;;;;;;;;;;;;0;0;0.0
05:49:36;1;3;4;240.5;0.35;84;224.0;0.36;81;15;4;;;;;;;;;;;;;;;;;;;;;0;0;0.0
05:49:46;3;4;64;309.6;0.54;167;223.3;0.72;161;15;5;;;;;;;;;;;;;;;;;;;;;0;0;0.0
05:49:50;3;64;4;297.4;0.65;193;223.0;0.83;185;15;5;;;;;;;;;;;;;;;;;;;;;0;0;0.0
16:17:59;1;4;64;229.4;0.79;181;226.1;0.77;174;33;9;;;;;;;;;;;;;;;;;;;;;0;0;0.0
16:18:03;1;64;4;228.1;0.79;181;226.5;0.77;174;33;9;;;;;;;;;;;;;;;;;;;;;0;0;0.0
16:37:11;4;4;64;274.5;0.56;154;225.8;0.65;148;34;28;;;;;;;;;;;;;;;;;;;;;0;0;0.0
16:37:15;4;64;4;272.5;0.55;151;225.7;0.64;145;34;29;;;;;;;;;;;;;;;;;;;;;0;0;0.0
16:37:16;1;4;3;238.0;0.38;91;226.4;0.38;87;32;18;;;;;;;;;;;;;;;;;;;;;0;0;0.0
16:37:24;1;3;4;204.8;0.44;90;226.9;0.38;87;32;19;;;;;;;;;;;;;;;;;;;;;0;0;0.0
16:37:28;1;4;3;203.9;0.45;92;226.6;0.39;88;32;19;;;;;;;;;;;;;;;;;;;;;0;0;0.0
16:38:47;4;4;3;253.9;0.38;96;225.7;0.41;93;34;32;;;;;;;;;;;;;;;;;;;;;0;0;0.0
16:38:49;2;4;3;287.1;0.34;99;224.9;0.42;95;33;32;;;;;;;;;;;;;;;;;;;;;0;0;0.0
16:39:00;3;4;3;272.8;0.39;107;226.2;0.45;103;33;34;;;;;;;;;;;;;;;;;;;;;0;0;0.0
16:39:04;3;3;4;275.8;0.39;108;226.3;0.46;104;33;34;;;;;;;;;;;;;;;;;;;;;0;0;0.0
16:39:16;3;4;3;269.4;0.38;102;225.9;0.43;98;33;35;;;;;;;;;;;;;;;;;;;;;0;0;0.0
16:58:29;1;3;1;200.0;0.00;0;226.3;0.00;0;31;2;;;;;;;;;;;;;;;;;;;;;0;0;0.0
17:01:06;2;3;1;200.0;0.00;0;223.5;0.00;0;32;0;;;;;;;;;;;;;;;;;;;;;0;0;0.0
17:01:59;3;3;1;204.0;0.00;0;224.0;0.00;0;32;0;;;;;;;;;;;;;;;;;;;;;0;0;0.0
17:02:13;4;3;1;200.1;0.00;0;223.6;0.00;0;32;0;;;;;;;;;;;;;;;;;;;;;0;0;0.0
17:04:56;3;1;3;278.2;0.00;0;224.2;0.00;0;31;0;;;;;;;;;;;;;;;;;;;;;0;0;0.0
17:05:13;3;3;1;133.2;0.00;0;224.3;0.00;0;31;0;;;;;;;;;;;;;;;;;;;;;0;0;0.0
17:05:14;4;1;3;262.5;0.00;0;223.8;0.00;0;32;0;;;;;;;;;;;;;;;;;;;;;0;0;0.0
17:05:20;4;3;1;116.6;0.00;0;223.9;0.00;0;32;0;;;;;;;;;;;;;;;;;;;;;0;0;0.0
17:18:08;1;1;2;80.3;0.00;0;224.6;0.00;0;29;0;;;;;;;;;;;;;;;;;;;;;0;0;0.0
17:23:25;4;1;2;81.0;0.00;0;222.2;0.00;0;30;0;;;;;;;;;;;;;;;;;;;;;0;0;0.0
17:26:51;2;1;2;80.2;0.00;0;221.4;0.00;0;30;0;;;;;;;;;;;;;;;;;;;;;0;0;0.0
17:28:30;3;1;2;80.3;0.00;0;222.4;0.00;0;29;0;;;;;;;;;;;;;;;;;;;;;0;0;0.0
