[info]
Anlage=SENA Bogota
Datum=170812
[messung]
;s;Adresse;KPC;U_DC_0;I_DC_0;P_DC_WR;U_AC_0;I_AC_0;P_AC_WR;T_WR;E_D_WR;U_DC_1;I_DC_1;P_DC_1;U_DC_2;I_DC_2;P_DC_2;U_DC_3;I_DC_3;P_DC_3;U_AC_1;I_AC_1;P_AC_1;U_AC_2;I_AC_2;P_AC_2;U_AC_3;I_AC_3;P_AC_3;COS_PHI;;;;
;s;;%;V;A;W;V;A;W;°C;Wh;V;A;W;V;A;W;V;A;W;V;A;W;V;A;W;V;A;W;;;;;
[Start]
00:15:00;900;1;;;;;;;;;;;;;;;;;;;;;;;;;;;;;;;;
00:15:00;900;2;;;;;;;;;;;;;;;;;;;;;;;;;;;;;;;;
00:15:00;900;3;;;;;;;;;;;;;;;;;;;;;;;;;;;;;;;;
00:15:00;900;4;;;;;;;;;;;;;;;;;;;;;;;;;;;;;;;;
00:30:00;900;1;;;;;;;;;;;;;;;;;;;;;;;;;;;;;;;;
00:30:00;900;2;;;;;;;;;;;;;;;;;;;;;;;;;;;;;;;;
00:30:00;900;3;;;;;;;;;;;;;;;;;;;;;;;;;;;;;;;;
00:30:00;900;4;;;;;;;;;;;;;;;;;;;;;;;;;;;;;;;;
00:45:00;900;1;;;;;;;;;;;;;;;;;;;;;;;;;;;;;;;;
00:45:00;900;2;;;;;;;;;;;;;;;;;;;;;;;;;;;;;;;;
00:45:00;900;3;;;;;;;;;;;;;;;;;;;;;;;;;;;;;;;;
00:45:00;900;4;;;;;;;;;;;;;;;;;;;;;;;;;;;;;;;;
01:00:00;900;1;;;;;;;;;;;;;;;;;;;;;;;;;;;;;;;;
01:00:00;900;2;;;;;;;;;;;;;;;;;;;;;;;;;;;;;;;;
01:00:00;900;3;;;;;;;;;;;;;;;;;;;;;;;;;;;;;;;;
01:00:00;900;4;;;;;;;;;;;;;;;;;;;;;;;;;;;;;;;;
01:15:00;900;1;;;;;;;;;;;;;;;;;;;;;;;;;;;;;;;;
01:15:00;900;2;;;;;;;;;;;;;;;;;;;;;;;;;;;;;;;;
01:15:00;900;3;;;;;;;;;;;;;;;;;;;;;;;;;;;;;;;;
01:15:00;900;4;;;;;;;;;;;;;;;;;;;;;;;;;;;;;;;;
01:30:00;900;1;;;;;;;;;;;;;;;;;;;;;;;;;;;;;;;;
01:30:00;900;2;;;;;;;;;;;;;;;;;;;;;;;;;;;;;;;;
01:30:00;900;3;;;;;;;;;;;;;;;;;;;;;;;;;;;;;;;;
01:30:00;900;4;;;;;;;;;;;;;;;;;;;;;;;;;;;;;;;;
01:45:00;900;1;;;;;;;;;;;;;;;;;;;;;;;;;;;;;;;;
01:45:00;900;2;;;;;;;;;;;;;;;;;;;;;;;;;;;;;;;;
01:45:00;900;3;;;;;;;;;;;;;;;;;;;;;;;;;;;;;;;;
01:45:00;900;4;;;;;;;;;;;;;;;;;;;;;;;;;;;;;;;;
02:00:00;900;1;;;;;;;;;;;;;;;;;;;;;;;;;;;;;;;;
02:00:00;900;2;;;;;;;;;;;;;;;;;;;;;;;;;;;;;;;;
02:00:00;900;3;;;;;;;;;;;;;;;;;;;;;;;;;;;;;;;;
02:00:00;900;4;;;;;;;;;;;;;;;;;;;;;;;;;;;;;;;;
Info;Time
02:15:00;191;1;;;;;;;;;;;;;;;;;;;;;;;;;;;;;;;;
02:15:00;191;2;;;;;;;;;;;;;;;;;;;;;;;;;;;;;;;;
02:15:00;191;3;;;;;;;;;;;;;;;;;;;;;;;;;;;;;;;;
02:15:00;191;4;;;;;;;;;;;;;;;;;;;;;;;;;;;;;;;;
02:30:00;900;1;;;;;;;;;;;;;;;;;;;;;;;;;;;;;;;;
02:30:00;900;2;;;;;;;;;;;;;;;;;;;;;;;;;;;;;;;;
02:30:00;900;3;;;;;;;;;;;;;;;;;;;;;;;;;;;;;;;;
02:30:00;900;4;;;;;;;;;;;;;;;;;;;;;;;;;;;;;;;;
02:45:00;900;1;;;;;;;;;;;;;;;;;;;;;;;;;;;;;;;;
02:45:00;900;2;;;;;;;;;;;;;;;;;;;;;;;;;;;;;;;;
02:45:00;900;3;;;;;;;;;;;;;;;;;;;;;;;;;;;;;;;;
02:45:00;900;4;;;;;;;;;;;;;;;;;;;;;;;;;;;;;;;;
03:00:00;900;1;;;;;;;;;;;;;;;;;;;;;;;;;;;;;;;;
03:00:00;900;2;;;;;;;;;;;;;;;;;;;;;;;;;;;;;;;;
03:00:00;900;3;;;;;;;;;;;;;;;;;;;;;;;;;;;;;;;;
03:00:00;900;4;;;;;;;;;;;;;;;;;;;;;;;;;;;;;;;;
03:15:00;900;1;;;;;;;;;;;;;;;;;;;;;;;;;;;;;;;;
03:15:00;900;2;;;;;;;;;;;;;;;;;;;;;;;;;;;;;;;;
03:15:00;900;3;;;;;;;;;;;;;;;;;;;;;;;;;;;;;;;;
03:15:00;900;4;;;;;;;;;;;;;;;;;;;;;;;;;;;;;;;;
03:30:00;900;1;;;;;;;;;;;;;;;;;;;;;;;;;;;;;;;;
03:30:00;900;2;;;;;;;;;;;;;;;;;;;;;;;;;;;;;;;;
03:30:00;900;3;;;;;;;;;;;;;;;;;;;;;;;;;;;;;;;;
03:30:00;900;4;;;;;;;;;;;;;;;;;;;;;;;;;;;;;;;;
03:45:00;900;1;;;;;;;;;;;;;;;;;;;;;;;;;;;;;;;;
03:45:00;900;2;;;;;;;;;;;;;;;;;;;;;;;;;;;;;;;;
03:45:00;900;3;;;;;;;;;;;;;;;;;;;;;;;;;;;;;;;;
03:45:00;900;4;;;;;;;;;;;;;;;;;;;;;;;;;;;;;;;;
04:00:00;900;1;;;;;;;;;;;;;;;;;;;;;;;;;;;;;;;;
04:00:00;900;2;;;;;;;;;;;;;;;;;;;;;;;;;;;;;;;;
04:00:00;900;3;;;;;;;;;;;;;;;;;;;;;;;;;;;;;;;;
04:00:00;900;4;;;;;;;;;;;;;;;;;;;;;;;;;;;;;;;;
04:15:00;900;1;;;;;;;;;;;;;;;;;;;;;;;;;;;;;;;;
04:15:00;900;2;;;;;;;;;;;;;;;;;;;;;;;;;;;;;;;;
04:15:00;900;3;;;;;;;;;;;;;;;;;;;;;;;;;;;;;;;;
04:15:00;900;4;;;;;;;;;;;;;;;;;;;;;;;;;;;;;;;;
04:30:00;900;1;;;;;;;;;;;;;;;;;;;;;;;;;;;;;;;;
04:30:00;900;2;;;;;;;;;;;;;;;;;;;;;;;;;;;;;;;;
04:30:00;900;3;;;;;;;;;;;;;;;;;;;;;;;;;;;;;;;;
04:30:00;900;4;;;;;;;;;;;;;;;;;;;;;;;;;;;;;;;;
04:45:00;900;1;;;;;;;;;;;;;;;;;;;;;;;;;;;;;;;;
04:45:00;900;2;;;;;;;;;;;;;;;;;;;;;;;;;;;;;;;;
04:45:00;900;3;;;;;;;;;;;;;;;;;;;;;;;;;;;;;;;;
04:45:00;900;4;;;;;;;;;;;;;;;;;;;;;;;;;;;;;;;;
05:00:00;900;1;;;;;;;;;;;;;;;;;;;;;;;;;;;;;;;;
05:00:00;900;2;;;;;;;;;;;;;;;;;;;;;;;;;;;;;;;;
05:00:00;900;3;;;;;;;;;;;;;;;;;;;;;;;;;;;;;;;;
05:00:00;900;4;;;;;;;;;;;;;;;;;;;;;;;;;;;;;;;;
05:15:00;900;1;;;;;;;;;;;;;;;;;;;;;;;;;;;;;;;;
05:15:00;900;2;;;;;;;;;;;;;;;;;;;;;;;;;;;;;;;;
05:15:00;900;3;;;;;;;;;;;;;;;;;;;;;;;;;;;;;;;;
05:15:00;900;4;;;;;;;;;;;;;;;;;;;;;;;;;;;;;;;;
05:30:00;900;1;;;;;;;;;;;;;;;;;;;;;;;;;;;;;;;;
05:30:00;900;2;;;;;;;;;;;;;;;;;;;;;;;;;;;;;;;;
05:30:00;900;3;;;;;;;;;;;;;;;;;;;;;;;;;;;;;;;;
05:30:00;900;4;;;;;;;;;;;;;;;;;;;;;;;;;;;;;;;;
05:45:00;900;1;;;;;;;;;;;;;;;;;;;;;;;;;;;;;;;;
05:45:00;900;2;100;168.3;0.00;0;222.2;0.00;0;16;0;;;;;;;;;;;;;;;;;;;;;0;0;0.0
05:45:00;900;3;100;186.0;0.00;0;227.1;0.00;0;16;0;;;;;;;;;;;;;;;;;;;;;0;0;0.0
05:45:00;900;4;100;138.0;0.00;0;227.1;0.00;0;16;0;;;;;;;;;;;;;;;;;;;;;0;0;0.0
06:00:00;900;1;100;171.7;0.00;0;225.6;0.00;0;16;0;;;;;;;;;;;;;;;;;;;;;0;0;0.0
06:00:00;900;2;100;280.9;0.00;0;226.4;0.00;0;16;0;;;;;;;;;;;;;;;;;;;;;0;0;0.0
06:00:00;900;3;100;278.6;0.00;0;227.1;0.00;0;17;0;;;;;;;;;;;;;;;;;;;;;0;0;0.0
06:00:00;900;4;100;248.8;0.00;0;227.1;0.00;0;16;0;;;;;;;;;;;;;;;;;;;;;0;0;0.0
06:15:00;900;1;100;264.5;0.03;6;227.3;0.03;6;16;1;;;;;;;;;;;;;;;;;;;;;0;0;0.0
06:15:00;900;2;100;284.9;0.09;24;225.3;0.10;23;16;6;;;;;;;;;;;;;;;;;;;;;0;0;0.0
06:15:00;900;3;100;234.1;0.14;32;225.9;0.14;31;17;8;;;;;;;;;;;;;;;;;;;;;0;0;0.0
06:15:00;900;4;100;268.7;0.10;23;226.2;0.10;22;16;6;;;;;;;;;;;;;;;;;;;;;0;0;0.0
06:30:00;900;1;100;234.5;0.68;160;225.6;0.68;154;17;36;;;;;;;;;;;;;;;;;;;;;0;0;0.0
06:30:00;900;2;100;298.1;0.80;248;223.4;1.06;238;17;55;;;;;;;;;;;;;;;;;;;;;0;0;0.0
06:30:00;900;3;100;283.9;0.94;275;224.0;1.18;265;18;59;;;;;;;;;;;;;;;;;;;;;0;0;0.0
06:30:00;900;4;100;281.1;0.88;253;224.5;1.08;243;17;53;;;;;;;;;;;;;;;;;;;;;0;0;0.0
06:45:00;900;1;100;248.0;1.25;310;224.8;1.32;298;18;74;;;;;;;;;;;;;;;;;;;;;0;0;0.0
06:45:00;900;2;100;317.4;1.40;445;223.0;1.92;427;19;106;;;;;;;;;;;;;;;;;;;;;0;0;0.0
06:45:00;900;3;100;295.4;1.57;464;223.1;2.00;446;19;111;;;;;;;;;;;;;;;;;;;;;0;0;0.0
06:45:00;900;4;100;301.1;1.49;448;223.8;1.92;430;19;107;;;;;;;;;;;;;;;;;;;;;0;0;0.0
07:00:00;900;1;100;260.7;1.98;516;224.9;2.20;496;19;123;;;;;;;;;;;;;;;;;;;;;0;0;0.0
07:00:00;900;2;100;324.4;2.05;665;222.9;2.87;639;20;159;;;;;;;;;;;;;;;;;;;;;0;0;0.0
07:00:00;900;3;100;306.7;2.25;690;223.1;2.97;662;20;165;;;;;;;;;;;;;;;;;;;;;0;0;0.0
07:00:00;900;4;100;308.6;2.18;675;223.9;2.89;648;20;161;;;;;;;;;;;;;;;;;;;;;0;0;0.0
07:15:00;900;1;100;265.9;2.92;776;223.9;3.33;745;20;186;;;;;;;;;;;;;;;;;;;;;0;0;0.0
07:15:00;900;2;100;329.7;2.79;919;222.0;3.97;882;21;219;;;;;;;;;;;;;;;;;;;;;0;0;0.0
07:15:00;900;3;100;308.3;3.16;974;222.0;4.21;935;22;232;;;;;;;;;;;;;;;;;;;;;0;0;0.0
07:15:00;900;4;100;309.6;3.12;965;222.8;4.16;927;21;230;;;;;;;;;;;;;;;;;;;;;0;0;0.0
07:30:00;900;1;100;268.1;4.01;1073;224.3;4.59;1031;22;256;;;;;;;;;;;;;;;;;;;;;0;0;0.0
07:30:00;900;2;100;322.4;3.74;1206;222.3;5.21;1158;23;289;;;;;;;;;;;;;;;;;;;;;0;0;0.0
07:30:00;900;3;100;303.8;4.20;1277;222.5;5.51;1226;23;305;;;;;;;;;;;;;;;;;;;;;0;0;0.0
07:30:00;900;4;100;307.8;4.18;1285;223.3;5.52;1234;23;308;;;;;;;;;;;;;;;;;;;;;0;0;0.0
07:45:00;900;1;100;267.7;4.66;1247;224.7;5.33;1197;23;297;;;;;;;;;;;;;;;;;;;;;0;0;0.0
07:45:00;900;2;100;317.3;4.38;1389;222.4;6.00;1334;25;332;;;;;;;;;;;;;;;;;;;;;0;0;0.0
07:45:00;900;3;100;300.8;4.88;1467;222.7;6.33;1409;25;352;;;;;;;;;;;;;;;;;;;;;0;0;0.0
07:45:00;900;4;100;306.4;4.86;1490;223.6;6.40;1430;25;355;;;;;;;;;;;;;;;;;;;;;0;0;0.0
08:00:00;900;1;100;269.2;5.93;1595;224.4;6.82;1532;25;382;;;;;;;;;;;;;;;;;;;;;0;0;0.0
08:00:00;900;2;100;313.9;5.54;1739;222.0;7.52;1670;27;416;;;;;;;;;;;;;;;;;;;;;0;0;0.0
08:00:00;900;3;100;296.9;6.18;1834;222.0;7.93;1761;27;436;;;;;;;;;;;;;;;;;;;;;0;0;0.0
08:00:00;900;4;100;304.9;6.16;1877;223.3;8.07;1802;27;449;;;;;;;;;;;;;;;;;;;;;0;0;0.0
08:15:00;900;1;100;262.6;6.32;1679;223.7;7.20;1612;27;401;;;;;;;;;;;;;;;;;;;;;0;0;0.0
08:15:00;900;2;100;307.0;5.74;1773;220.9;7.70;1702;29;423;;;;;;;;;;;;;;;;;;;;;0;0;0.0
08:15:00;900;3;100;290.1;6.36;1859;221.0;8.06;1785;29;446;;;;;;;;;;;;;;;;;;;;;0;0;0.0
08:15:00;900;4;100;299.3;6.33;1908;222.6;8.22;1832;30;458;;;;;;;;;;;;;;;;;;;;;0;0;0.0
08:30:00;900;1;100;266.9;8.21;2191;223.7;9.40;2104;29;523;;;;;;;;;;;;;;;;;;;;;0;0;0.0
08:30:00;900;2;100;303.9;7.54;2291;220.6;9.97;2200;31;547;;;;;;;;;;;;;;;;;;;;;0;0;0.0
08:30:00;900;3;100;286.9;8.34;2393;220.2;10.43;2298;31;572;;;;;;;;;;;;;;;;;;;;;0;0;0.0
08:30:00;900;4;100;298.6;8.29;2476;222.6;10.67;2377;32;591;;;;;;;;;;;;;;;;;;;;;0;0;0.0
08:45:00;900;1;100;265.6;9.01;2392;223.5;10.27;2297;31;574;;;;;;;;;;;;;;;;;;;;;0;0;0.0
08:45:00;900;2;100;298.7;8.26;2467;220.3;10.75;2369;33;589;;;;;;;;;;;;;;;;;;;;;0;0;0.0
08:45:00;900;3;100;282.8;9.13;2582;219.9;11.28;2479;33;616;;;;;;;;;;;;;;;;;;;;;0;0;0.0
08:45:00;900;4;100;295.5;9.13;2698;222.4;11.64;2590;34;644;;;;;;;;;;;;;;;;;;;;;0;0;0.0
09:00:00;900;1;100;265.6;10.33;2745;223.3;11.80;2635;33;655;;;;;;;;;;;;;;;;;;;;;0;0;0.0
09:00:00;900;2;100;294.4;9.32;2744;220.0;11.97;2634;35;656;;;;;;;;;;;;;;;;;;;;;0;0;0.0
09:00:00;900;3;100;278.2;10.27;2856;219.5;12.49;2742;36;682;;;;;;;;;;;;;;;;;;;;;0;0;0.0
09:00:00;900;4;100;293.2;10.20;2992;222.1;12.93;2872;37;715;;;;;;;;;;;;;;;;;;;;;0;0;0.0
09:15:00;900;1;100;266.4;10.02;2671;224.0;11.44;2564;36;637;;;;;;;;;;;;;;;;;;;;;0;0;0.0
09:15:00;900;2;100;300.1;8.98;2694;220.8;11.71;2587;38;645;;;;;;;;;;;;;;;;;;;;;0;0;0.0
09:15:00;900;3;100;284.1;9.88;2806;220.2;12.23;2694;38;672;;;;;;;;;;;;;;;;;;;;;0;0;0.0
09:15:00;900;4;100;295.8;9.90;2928;222.9;12.61;2811;39;699;;;;;;;;;;;;;;;;;;;;;0;0;0.0
09:30:00;900;1;100;262.1;7.86;2069;222.7;8.89;1987;37;495;;;;;;;;;;;;;;;;;;;;;0;0;0.0
09:30:00;900;2;100;302.5;6.97;2104;219.7;9.18;2020;39;504;;;;;;;;;;;;;;;;;;;;;0;0;0.0
09:30:00;900;3;100;286.1;7.65;2189;219.5;9.56;2102;39;522;;;;;;;;;;;;;;;;;;;;;0;0;0.0
09:30:00;900;4;100;296.5;7.63;2265;221.7;9.78;2175;41;540;;;;;;;;;;;;;;;;;;;;;0;0;0.0
09:45:00;900;1;100;268.8;11.79;3174;224.4;13.55;3047;38;755;;;;;;;;;;;;;;;;;;;;;0;0;0.0
09:45:00;900;2;100;299.0;10.67;3176;221.0;13.77;3049;40;756;;;;;;;;;;;;;;;;;;;;;0;0;0.0
09:45:00;900;3;100;284.6;11.65;3303;220.7;14.35;3171;40;790;;;;;;;;;;;;;;;;;;;;;0;0;0.0
09:45:00;900;4;100;298.8;11.51;3437;223.3;14.75;3299;42;823;;;;;;;;;;;;;;;;;;;;;0;0;0.0
10:00:00;900;1;100;273.8;12.91;3546;224.5;15.14;3405;41;849;;;;;;;;;;;;;;;;;;;;;0;0;0.0
10:00:00;900;2;100;291.0;11.94;3475;221.3;15.06;3336;43;831;;;;;;;;;;;;;;;;;;;;;0;0;0.0
10:00:00;900;3;100;278.3;12.85;3583;220.7;15.57;3440;44;858;;;;;;;;;;;;;;;;;;;;;0;0;0.0
10:00:00;900;4;100;298.7;12.35;3705;223.5;15.89;3557;46;882;;;;;;;;;;;;;;;;;;;;;0;0;0.0
10:15:00;900;1;100;299.2;12.92;3898;225.4;16.58;3742;44;934;;;;;;;;;;;;;;;;;;;;;0;0;0.0
10:15:00;900;2;100;294.0;13.12;3863;221.9;16.69;3709;46;923;;;;;;;;;;;;;;;;;;;;;0;0;0.0
10:15:00;900;3;100;284.3;13.59;3877;221.5;16.78;3722;46;923;;;;;;;;;;;;;;;;;;;;;0;0;0.0
10:15:00;900;4;100;307.9;12.57;3889;224.3;16.62;3734;48;931;;;;;;;;;;;;;;;;;;;;;0;0;0.0
10:30:00;900;1;100;289.7;14.61;4224;224.1;18.09;4055;48;1008;;;;;;;;;;;;;;;;;;;;;0;0;0.0
10:30:00;900;2;100;276.6;14.93;4129;220.6;17.97;3964;49;984;;;;;;;;;;;;;;;;;;;;;0;0;0.0
10:30:00;900;3;100;272.7;15.43;4207;219.8;18.37;4038;49;1006;;;;;;;;;;;;;;;;;;;;;0;0;0.0
10:30:00;900;4;100;303.0;13.95;4226;222.9;18.20;4057;50;1012;;;;;;;;;;;;;;;;;;;;;0;0;0.0
10:45:00;900;1;100;284.9;11.68;3396;221.7;14.65;3260;50;808;;;;;;;;;;;;;;;;;;;;;0;0;0.0
10:45:00;900;2;100;284.2;11.74;3341;218.6;14.63;3207;49;801;;;;;;;;;;;;;;;;;;;;;0;0;0.0
10:45:00;900;3;100;276.2;12.26;3405;217.9;14.97;3269;49;810;;;;;;;;;;;;;;;;;;;;;0;0;0.0
10:45:00;900;4;100;297.7;11.47;3454;220.6;14.98;3316;49;821;;;;;;;;;;;;;;;;;;;;;0;0;0.0
11:00:00;900;1;100;282.6;10.00;2920;220.6;12.64;2804;49;700;;;;;;;;;;;;;;;;;;;;;0;0;0.0
11:00:00;900;2;100;292.9;9.80;2886;217.7;12.67;2770;47;690;;;;;;;;;;;;;;;;;;;;;0;0;0.0
11:00:00;900;3;100;283.2;10.20;2918;217.0;12.86;2802;47;699;;;;;;;;;;;;;;;;;;;;;0;0;0.0
11:00:00;900;4;100;300.1;9.74;2977;219.5;12.96;2858;47;710;;;;;;;;;;;;;;;;;;;;;0;0;0.0
11:15:00;900;1;100;273.0;10.66;2963;221.4;12.81;2845;48;705;;;;;;;;;;;;;;;;;;;;;0;0;0.0
11:15:00;900;2;100;282.7;10.40;2923;218.0;12.84;2806;48;697;;;;;;;;;;;;;;;;;;;;;0;0;0.0
11:15:00;900;3;100;271.4;11.07;3008;217.5;13.25;2887;47;721;;;;;;;;;;;;;;;;;;;;;0;0;0.0
11:15:00;900;4;100;291.8;10.57;3110;220.3;13.51;2986;48;745;;;;;;;;;;;;;;;;;;;;;0;0;0.0
11:30:00;900;1;100;263.2;7.07;1881;219.6;8.19;1806;48;450;;;;;;;;;;;;;;;;;;;;;0;0;0.0
11:30:00;900;2;100;296.6;6.36;1879;217.2;8.29;1804;48;449;;;;;;;;;;;;;;;;;;;;;0;0;0.0
11:30:00;900;3;100;281.6;6.91;1944;216.7;8.59;1866;48;465;;;;;;;;;;;;;;;;;;;;;0;0;0.0
11:30:00;900;4;100;292.9;6.83;2009;218.6;8.80;1929;49;477;;;;;;;;;;;;;;;;;;;;;0;0;0.0
11:45:00;900;1;100;261.7;4.50;1179;218.8;5.17;1132;46;282;;;;;;;;;;;;;;;;;;;;;0;0;0.0
11:45:00;900;2;100;304.2;4.07;1239;216.6;5.49;1190;47;296;;;;;;;;;;;;;;;;;;;;;0;0;0.0
11:45:00;900;3;100;289.0;4.46;1290;216.5;5.72;1239;47;308;;;;;;;;;;;;;;;;;;;;;0;0;0.0
11:45:00;900;4;100;296.5;4.44;1318;217.8;5.81;1265;47;316;;;;;;;;;;;;;;;;;;;;;0;0;0.0
12:00:00;900;1;100;272.1;7.99;2192;221.4;9.48;2104;44;521;;;;;;;;;;;;;;;;;;;;;0;0;0.0
12:00:00;900;2;100;305.3;7.25;2214;218.7;9.70;2126;45;529;;;;;;;;;;;;;;;;;;;;;0;0;0.0
12:00:00;900;3;100;288.7;7.92;2289;218.5;10.04;2198;45;546;;;;;;;;;;;;;;;;;;;;;0;0;0.0
12:00:00;900;4;100;300.4;7.83;2360;220.4;10.26;2265;46;563;;;;;;;;;;;;;;;;;;;;;0;0;0.0
12:15:00;900;1;100;283.3;10.50;3021;224.2;12.90;2900;44;722;;;;;;;;;;;;;;;;;;;;;0;0;0.0
12:15:00;900;2;100;296.3;10.01;2970;221.2;12.86;2851;45;711;;;;;;;;;;;;;;;;;;;;;0;0;0.0
12:15:00;900;3;100;282.6;10.77;3055;220.9;13.25;2933;45;727;;;;;;;;;;;;;;;;;;;;;0;0;0.0
12:15:00;900;4;100;298.7;10.41;3131;223.1;13.44;3006;46;745;;;;;;;;;;;;;;;;;;;;;0;0;0.0
12:30:00;900;1;100;260.7;8.80;2311;223.7;9.90;2218;46;554;;;;;;;;;;;;;;;;;;;;;0;0;0.0
12:30:00;900;2;100;285.0;7.94;2249;221.0;9.76;2159;47;539;;;;;;;;;;;;;;;;;;;;;0;0;0.0
12:30:00;900;3;100;270.6;8.69;2340;220.9;10.16;2247;47;561;;;;;;;;;;;;;;;;;;;;;0;0;0.0
12:30:00;900;4;100;285.5;8.51;2430;222.6;10.46;2333;48;583;;;;;;;;;;;;;;;;;;;;;0;0;0.0
12:45:00;900;1;100;264.8;7.32;1941;223.5;8.33;1863;46;462;;;;;;;;;;;;;;;;;;;;;0;0;0.0
12:45:00;900;2;100;300.5;6.56;1972;221.0;8.57;1894;47;470;;;;;;;;;;;;;;;;;;;;;0;0;0.0
12:45:00;900;3;100;283.4;7.21;2043;220.8;8.88;1961;47;489;;;;;;;;;;;;;;;;;;;;;0;0;0.0
12:45:00;900;4;100;294.8;7.15;2109;222.4;9.10;2024;48;503;;;;;;;;;;;;;;;;;;;;;0;0;0.0
13:00:00;900;1;100;263.4;6.45;1699;223.4;7.30;1631;45;407;;;;;;;;;;;;;;;;;;;;;0;0;0.0
13:00:00;900;2;100;301.1;5.76;1735;221.1;7.53;1665;47;416;;;;;;;;;;;;;;;;;;;;;0;0;0.0
13:00:00;900;3;100;284.3;6.33;1797;221.0;7.80;1725;47;430;;;;;;;;;;;;;;;;;;;;;0;0;0.0
13:00:00;900;4;100;294.3;6.29;1850;222.3;7.99;1776;48;443;;;;;;;;;;;;;;;;;;;;;0;0;0.0
13:15:00;900;1;100;264.2;5.23;1382;223.4;5.94;1326;44;331;;;;;;;;;;;;;;;;;;;;;0;0;0.0
13:15:00;900;2;100;306.8;4.70;1442;221.4;6.25;1384;45;343;;;;;;;;;;;;;;;;;;;;;0;0;0.0
13:15:00;900;3;100;289.9;5.16;1494;221.2;6.48;1435;45;355;;;;;;;;;;;;;;;;;;;;;0;0;0.0
13:15:00;900;4;100;297.3;5.15;1530;222.4;6.61;1469;46;366;;;;;;;;;;;;;;;;;;;;;0;0;0.0
13:30:00;900;1;100;282.2;10.53;3017;226.6;12.74;2896;43;715;;;;;;;;;;;;;;;;;;;;;0;0;0.0
13:30:00;900;2;100;303.1;9.93;2998;223.7;12.83;2878;45;716;;;;;;;;;;;;;;;;;;;;;0;0;0.0
13:30:00;900;3;100;289.5;10.59;3065;223.6;13.13;2942;45;732;;;;;;;;;;;;;;;;;;;;;0;0;0.0
13:30:00;900;4;100;304.7;10.21;3130;225.5;13.29;3005;46;748;;;;;;;;;;;;;;;;;;;;;0;0;0.0
13:45:00;900;1;100;264.9;8.96;2393;225.5;10.16;2297;45;576;;;;;;;;;;;;;;;;;;;;;0;0;0.0
13:45:00;900;2;100;290.2;8.12;2350;222.9;10.10;2256;47;564;;;;;;;;;;;;;;;;;;;;;0;0;0.0
13:45:00;900;3;100;276.3;8.80;2428;223.0;10.43;2331;46;580;;;;;;;;;;;;;;;;;;;;;0;0;0.0
13:45:00;900;4;100;289.7;8.64;2507;224.4;10.71;2407;48;597;;;;;;;;;;;;;;;;;;;;;0;0;0.0
14:00:00;900;1;100;261.4;7.02;1836;224.2;7.86;1763;45;438;;;;;;;;;;;;;;;;;;;;;0;0;0.0
14:00:00;900;2;100;297.6;6.26;1864;221.9;8.06;1789;47;446;;;;;;;;;;;;;;;;;;;;;0;0;0.0
14:00:00;900;3;100;280.6;6.87;1927;222.1;8.33;1850;46;461;;;;;;;;;;;;;;;;;;;;;0;0;0.0
14:00:00;900;4;100;292.6;6.79;1987;223.2;8.54;1907;48;475;;;;;;;;;;;;;;;;;;;;;0;0;0.0
14:15:00;900;1;100;261.2;6.38;1667;223.4;7.16;1601;45;398;;;;;;;;;;;;;;;;;;;;;0;0;0.0
14:15:00;900;2;100;298.3;5.68;1695;221.2;7.35;1627;47;404;;;;;;;;;;;;;;;;;;;;;0;0;0.0
14:15:00;900;3;100;283.0;6.20;1753;221.3;7.60;1683;46;420;;;;;;;;;;;;;;;;;;;;;0;0;0.0
14:15:00;900;4;100;293.3;6.13;1798;222.3;7.76;1726;48;429;;;;;;;;;;;;;;;;;;;;;0;0;0.0
14:30:00;900;1;100;252.1;3.03;766;220.6;3.33;735;43;183;;;;;;;;;;;;;;;;;;;;;0;0;0.0
14:30:00;900;2;100;300.7;2.73;820;218.7;3.60;787;45;196;;;;;;;;;;;;;;;;;;;;;0;0;0.0
14:30:00;900;3;100;283.6;3.01;852;219.0;3.73;818;45;204;;;;;;;;;;;;;;;;;;;;;0;0;0.0
14:30:00;900;4;100;290.1;2.97;863;219.6;3.77;828;46;207;;;;;;;;;;;;;;;;;;;;;0;0;0.0
14:45:00;900;1;100;258.1;3.37;873;219.8;3.81;838;41;209;;;;;;;;;;;;;;;;;;;;;0;0;0.0
14:45:00;900;2;100;307.4;3.06;943;217.8;4.15;905;43;225;;;;;;;;;;;;;;;;;;;;;0;0;0.0
14:45:00;900;3;100;289.4;3.38;981;218.1;4.32;942;42;234;;;;;;;;;;;;;;;;;;;;;0;0;0.0
14:45:00;900;4;100;294.9;3.36;995;218.7;4.36;955;43;238;;;;;;;;;;;;;;;;;;;;;0;0;0.0
15:00:00;900;1;100;263.3;4.26;1122;220.5;4.88;1077;40;268;;;;;;;;;;;;;;;;;;;;;0;0;0.0
15:00:00;900;2;100;308.2;3.86;1188;218.3;5.23;1141;42;284;;;;;;;;;;;;;;;;;;;;;0;0;0.0
15:00:00;900;3;100;291.5;4.22;1231;218.4;5.41;1181;42;294;;;;;;;;;;;;;;;;;;;;;0;0;0.0
15:00:00;900;4;100;297.7;4.20;1250;219.4;5.47;1200;43;299;;;;;;;;;;;;;;;;;;;;;0;0;0.0
15:15:00;900;1;100;248.4;1.97;491;219.4;2.15;472;39;118;;;;;;;;;;;;;;;;;;;;;0;0;0.0
15:15:00;900;2;100;303.2;1.80;548;217.3;2.42;526;41;132;;;;;;;;;;;;;;;;;;;;;0;0;0.0
15:15:00;900;3;100;286.2;2.00;573;217.6;2.53;550;41;137;;;;;;;;;;;;;;;;;;;;;0;0;0.0
15:15:00;900;4;100;290.0;1.96;568;218.3;2.50;546;42;136;;;;;;;;;;;;;;;;;;;;;0;0;0.0
15:30:00;900;1;100;253.9;2.19;557;219.0;2.44;535;38;133;;;;;;;;;;;;;;;;;;;;;0;0;0.0
15:30:00;900;2;100;306.9;2.04;627;216.8;2.78;602;39;149;;;;;;;;;;;;;;;;;;;;;0;0;0.0
15:30:00;900;3;100;291.7;2.24;656;217.0;2.90;629;39;157;;;;;;;;;;;;;;;;;;;;;0;0;0.0
15:30:00;900;4;100;293.5;2.22;653;218.0;2.88;627;40;156;;;;;;;;;;;;;;;;;;;;;0;0;0.0
15:45:00;900;1;100;258.4;3.08;797;219.6;3.48;765;37;191;;;;;;;;;;;;;;;;;;;;;0;0;0.0
15:45:00;900;2;100;310.7;2.82;877;217.4;3.87;842;39;211;;;;;;;;;;;;;;;;;;;;;0;0;0.0
15:45:00;900;3;100;293.3;3.11;912;217.4;4.03;876;38;219;;;;;;;;;;;;;;;;;;;;;0;0;0.0
15:45:00;900;4;100;297.6;3.08;919;218.6;4.04;883;39;220;;;;;;;;;;;;;;;;;;;;;0;0;0.0
16:00:00;900;1;100;254.3;2.15;547;220.0;2.39;526;36;131;;;;;;;;;;;;;;;;;;;;;0;0;0.0
16:00:00;900;2;100;307.2;2.04;628;217.8;2.77;603;38;150;;;;;;;;;;;;;;;;;;;;;0;0;0.0
16:00:00;900;3;100;291.5;2.25;655;218.0;2.88;629;38;156;;;;;;;;;;;;;;;;;;;;;0;0;0.0
16:00:00;900;4;100;293.9;2.22;651;219.0;2.85;625;39;155;;;;;;;;;;;;;;;;;;;;;0;0;0.0
16:15:00;900;1;100;255.5;2.47;631;220.8;2.74;606;36;150;;;;;;;;;;;;;;;;;;;;;0;0;0.0
16:15:00;900;2;100;309.9;2.29;708;218.5;3.11;680;37;169;;;;;;;;;;;;;;;;;;;;;0;0;0.0
16:15:00;900;3;100;292.2;2.54;741;218.8;3.25;712;37;177;;;;;;;;;;;;;;;;;;;;;0;0;0.0
16:15:00;900;4;100;296.4;2.50;741;219.7;3.24;711;38;178;;;;;;;;;;;;;;;;;;;;;0;0;0.0
16:30:00;900;1;100;258.8;3.08;800;221.3;3.47;768;35;191;;;;;;;;;;;;;;;;;;;;;0;0;0.0
16:30:00;900;2;100;309.0;2.83;878;219.1;3.84;843;37;210;;;;;;;;;;;;;;;;;;;;;0;0;0.0
16:30:00;900;3;100;292.4;3.12;913;219.1;4.00;876;37;218;;;;;;;;;;;;;;;;;;;;;0;0;0.0
16:30:00;900;4;100;297.3;3.05;909;220.2;3.96;873;38;216;;;;;;;;;;;;;;;;;;;;;0;0;0.0
16:45:00;900;1;100;249.7;1.87;468;220.9;2.03;449;35;112;;;;;;;;;;;;;;;;;;;;;0;0;0.0
16:45:00;900;2;100;306.1;1.76;538;218.8;2.36;517;37;129;;;;;;;;;;;;;;;;;;;;;0;0;0.0
16:45:00;900;3;100;290.8;1.94;563;218.9;2.47;541;37;135;;;;;;;;;;;;;;;;;;;;;0;0;0.0
16:45:00;900;4;100;292.4;1.91;557;219.9;2.43;535;37;133;;;;;;;;;;;;;;;;;;;;;0;0;0.0
17:00:00;900;1;100;246.0;1.52;375;222.0;1.62;360;34;90;;;;;;;;;;;;;;;;;;;;;0;0;0.0
17:00:00;900;2;100;303.9;1.48;451;219.6;1.97;433;36;107;;;;;;;;;;;;;;;;;;;;;0;0;0.0
17:00:00;900;3;100;288.1;1.65;476;219.9;2.08;457;36;113;;;;;;;;;;;;;;;;;;;;;0;0;0.0
17:00:00;900;4;100;290.2;1.61;467;221.0;2.03;448;37;112;;;;;;;;;;;;;;;;;;;;;0;0;0.0
17:15:00;900;1;100;243.9;1.40;342;223.4;1.47;328;34;82;;;;;;;;;;;;;;;;;;;;;0;0;0.0
17:15:00;900;2;100;303.2;1.41;428;221.0;1.86;411;36;103;;;;;;;;;;;;;;;;;;;;;0;0;0.0
17:15:00;900;3;100;289.1;1.56;452;221.4;1.96;434;35;109;;;;;;;;;;;;;;;;;;;;;0;0;0.0
17:15:00;900;4;100;288.7;1.53;441;222.3;1.90;423;36;105;;;;;;;;;;;;;;;;;;;;;0;0;0.0
17:30:00;900;1;100;248.8;1.71;425;223.3;1.83;408;33;101;;;;;;;;;;;;;;;;;;;;;0;0;0.0
17:30:00;900;2;100;306.7;1.76;540;221.1;2.34;518;35;129;;;;;;;;;;;;;;;;;;;;;0;0;0.0
17:30:00;900;3;100;289.7;1.95;566;221.6;2.45;543;35;135;;;;;;;;;;;;;;;;;;;;;0;0;0.0
17:30:00;900;4;100;292.3;1.91;559;222.3;2.41;536;35;134;;;;;;;;;;;;;;;;;;;;;0;0;0.0
17:45:00;900;1;100;230.6;0.97;227;224.1;0.97;218;33;55;;;;;;;;;;;;;;;;;;;;;0;0;0.0
17:45:00;900;2;100;298.7;1.06;319;222.1;1.38;306;35;76;;;;;;;;;;;;;;;;;;;;;0;0;0.0
17:45:00;900;3;100;284.0;1.19;339;222.8;1.46;326;34;81;;;;;;;;;;;;;;;;;;;;;0;0;0.0
17:45:00;900;4;100;281.9;1.15;326;223.0;1.41;313;35;78;;;;;;;;;;;;;;;;;;;;;0;0;0.0
18:00:00;900;1;100;217.0;0.57;124;225.6;0.53;120;32;29;;;;;;;;;;;;;;;;;;;;;0;0;0.0
18:00:00;900;2;100;295.0;0.75;221;223.3;0.95;212;34;53;;;;;;;;;;;;;;;;;;;;;0;0;0.0
18:00:00;900;3;100;282.5;0.85;241;224.3;1.03;231;34;58;;;;;;;;;;;;;;;;;;;;;0;0;0.0
18:00:00;900;4;100;275.6;0.81;224;224.5;0.96;216;34;54;;;;;;;;;;;;;;;;;;;;;0;0;0.0
18:15:00;900;1;100;197.0;0.16;33;226.4;0.14;31;32;7;;;;;;;;;;;;;;;;;;;;;0;0;0.0
18:15:00;900;2;100;265.1;0.41;116;224.1;0.50;112;34;20;;;;;;;;;;;;;;;;;;;;;0;0;0.0
18:15:00;900;3;100;254.5;0.46;124;225.4;0.53;119;33;23;;;;;;;;;;;;;;;;;;;;;0;0;0.0
18:15:00;900;4;100;253.0;0.44;116;225.4;0.49;112;34;21;;;;;;;;;;;;;;;;;;;;;0;0;0.0
18:30:00;900;1;100;79.5;0.00;0;224.9;0.00;0;31;0;;;;;;;;;;;;;;;;;;;;;0;0;0.0
18:30:00;900;2;100;142.1;0.00;0;221.4;0.00;0;32;0;;;;;;;;;;;;;;;;;;;;;0;0;0.0
18:30:00;900;3;100;161.8;0.00;0;222.8;0.00;0;32;0;;;;;;;;;;;;;;;;;;;;;0;0;0.0
18:30:00;900;4;100;103.7;0.00;0;223.4;0.00;0;32;0;;;;;;;;;;;;;;;;;;;;;0;0;0.0
18:45:00;900;1;;;;;;;;;;;;;;;;;;;;;;;;;;;;;;;;
18:45:00;900;2;100;52.0;0.00;0;220.5;0.00;0;32;0;;;;;;;;;;;;;;;;;;;;;0;0;0.0
18:45:00;900;3;100;62.0;0.00;0;222.0;0.00;0;31;0;;;;;;;;;;;;;;;;;;;;;0;0;0.0
18:45:00;900;4;;;;;;;;;;;;;;;;;;;;;;;;;;;;;;;;
19:00:00;900;1;;;;;;;;;;;;;;;;;;;;;;;;;;;;;;;;
19:00:00;900;2;;;;;;;;;;;;;;;;;;;;;;;;;;;;;;;;
19:00:00;900;3;;;;;;;;;;;;;;;;;;;;;;;;;;;;;;;;
19:00:00;900;4;;;;;;;;;;;;;;;;;;;;;;;;;;;;;;;;
19:15:00;900;1;;;;;;;;;;;;;;;;;;;;;;;;;;;;;;;;
19:15:00;900;2;;;;;;;;;;;;;;;;;;;;;;;;;;;;;;;;
19:15:00;900;3;;;;;;;;;;;;;;;;;;;;;;;;;;;;;;;;
19:15:00;900;4;;;;;;;;;;;;;;;;;;;;;;;;;;;;;;;;
19:30:00;900;1;;;;;;;;;;;;;;;;;;;;;;;;;;;;;;;;
19:30:00;900;2;;;;;;;;;;;;;;;;;;;;;;;;;;;;;;;;
19:30:00;900;3;;;;;;;;;;;;;;;;;;;;;;;;;;;;;;;;
19:30:00;900;4;;;;;;;;;;;;;;;;;;;;;;;;;;;;;;;;
19:45:00;900;1;;;;;;;;;;;;;;;;;;;;;;;;;;;;;;;;
19:45:00;900;2;;;;;;;;;;;;;;;;;;;;;;;;;;;;;;;;
19:45:00;900;3;;;;;;;;;;;;;;;;;;;;;;;;;;;;;;;;
19:45:00;900;4;;;;;;;;;;;;;;;;;;;;;;;;;;;;;;;;
20:00:00;900;1;;;;;;;;;;;;;;;;;;;;;;;;;;;;;;;;
20:00:00;900;2;;;;;;;;;;;;;;;;;;;;;;;;;;;;;;;;
20:00:00;900;3;;;;;;;;;;;;;;;;;;;;;;;;;;;;;;;;
20:00:00;900;4;;;;;;;;;;;;;;;;;;;;;;;;;;;;;;;;
20:15:00;900;1;;;;;;;;;;;;;;;;;;;;;;;;;;;;;;;;
20:15:00;900;2;;;;;;;;;;;;;;;;;;;;;;;;;;;;;;;;
20:15:00;900;3;;;;;;;;;;;;;;;;;;;;;;;;;;;;;;;;
20:15:00;900;4;;;;;;;;;;;;;;;;;;;;;;;;;;;;;;;;
20:30:00;900;1;;;;;;;;;;;;;;;;;;;;;;;;;;;;;;;;
20:30:00;900;2;;;;;;;;;;;;;;;;;;;;;;;;;;;;;;;;
20:30:00;900;3;;;;;;;;;;;;;;;;;;;;;;;;;;;;;;;;
20:30:00;900;4;;;;;;;;;;;;;;;;;;;;;;;;;;;;;;;;
20:45:00;900;1;;;;;;;;;;;;;;;;;;;;;;;;;;;;;;;;
20:45:00;900;2;;;;;;;;;;;;;;;;;;;;;;;;;;;;;;;;
20:45:00;900;3;;;;;;;;;;;;;;;;;;;;;;;;;;;;;;;;
20:45:00;900;4;;;;;;;;;;;;;;;;;;;;;;;;;;;;;;;;
21:00:00;900;1;;;;;;;;;;;;;;;;;;;;;;;;;;;;;;;;
21:00:00;900;2;;;;;;;;;;;;;;;;;;;;;;;;;;;;;;;;
21:00:00;900;3;;;;;;;;;;;;;;;;;;;;;;;;;;;;;;;;
21:00:00;900;4;;;;;;;;;;;;;;;;;;;;;;;;;;;;;;;;
21:15:00;900;1;;;;;;;;;;;;;;;;;;;;;;;;;;;;;;;;
21:15:00;900;2;;;;;;;;;;;;;;;;;;;;;;;;;;;;;;;;
21:15:00;900;3;;;;;;;;;;;;;;;;;;;;;;;;;;;;;;;;
21:15:00;900;4;;;;;;;;;;;;;;;;;;;;;;;;;;;;;;;;
21:30:00;900;1;;;;;;;;;;;;;;;;;;;;;;;;;;;;;;;;
21:30:00;900;2;;;;;;;;;;;;;;;;;;;;;;;;;;;;;;;;
21:30:00;900;3;;;;;;;;;;;;;;;;;;;;;;;;;;;;;;;;
21:30:00;900;4;;;;;;;;;;;;;;;;;;;;;;;;;;;;;;;;
21:45:00;900;1;;;;;;;;;;;;;;;;;;;;;;;;;;;;;;;;
21:45:00;900;2;;;;;;;;;;;;;;;;;;;;;;;;;;;;;;;;
21:45:00;900;3;;;;;;;;;;;;;;;;;;;;;;;;;;;;;;;;
21:45:00;900;4;;;;;;;;;;;;;;;;;;;;;;;;;;;;;;;;
22:00:00;900;1;;;;;;;;;;;;;;;;;;;;;;;;;;;;;;;;
22:00:00;900;2;;;;;;;;;;;;;;;;;;;;;;;;;;;;;;;;
22:00:00;900;3;;;;;;;;;;;;;;;;;;;;;;;;;;;;;;;;
22:00:00;900;4;;;;;;;;;;;;;;;;;;;;;;;;;;;;;;;;
22:15:00;900;1;;;;;;;;;;;;;;;;;;;;;;;;;;;;;;;;
22:15:00;900;2;;;;;;;;;;;;;;;;;;;;;;;;;;;;;;;;
22:15:00;900;3;;;;;;;;;;;;;;;;;;;;;;;;;;;;;;;;
22:15:00;900;4;;;;;;;;;;;;;;;;;;;;;;;;;;;;;;;;
22:30:00;900;1;;;;;;;;;;;;;;;;;;;;;;;;;;;;;;;;
22:30:00;900;2;;;;;;;;;;;;;;;;;;;;;;;;;;;;;;;;
22:30:00;900;3;;;;;;;;;;;;;;;;;;;;;;;;;;;;;;;;
22:30:00;900;4;;;;;;;;;;;;;;;;;;;;;;;;;;;;;;;;
22:45:00;900;1;;;;;;;;;;;;;;;;;;;;;;;;;;;;;;;;
22:45:00;900;2;;;;;;;;;;;;;;;;;;;;;;;;;;;;;;;;
22:45:00;900;3;;;;;;;;;;;;;;;;;;;;;;;;;;;;;;;;
22:45:00;900;4;;;;;;;;;;;;;;;;;;;;;;;;;;;;;;;;
23:00:00;900;1;;;;;;;;;;;;;;;;;;;;;;;;;;;;;;;;
23:00:00;900;2;;;;;;;;;;;;;;;;;;;;;;;;;;;;;;;;
23:00:00;900;3;;;;;;;;;;;;;;;;;;;;;;;;;;;;;;;;
23:00:00;900;4;;;;;;;;;;;;;;;;;;;;;;;;;;;;;;;;
23:15:00;900;1;;;;;;;;;;;;;;;;;;;;;;;;;;;;;;;;
23:15:00;900;2;;;;;;;;;;;;;;;;;;;;;;;;;;;;;;;;
23:15:00;900;3;;;;;;;;;;;;;;;;;;;;;;;;;;;;;;;;
23:15:00;900;4;;;;;;;;;;;;;;;;;;;;;;;;;;;;;;;;
23:30:00;900;1;;;;;;;;;;;;;;;;;;;;;;;;;;;;;;;;
23:30:00;900;2;;;;;;;;;;;;;;;;;;;;;;;;;;;;;;;;
23:30:00;900;3;;;;;;;;;;;;;;;;;;;;;;;;;;;;;;;;
23:30:00;900;4;;;;;;;;;;;;;;;;;;;;;;;;;;;;;;;;
23:45:00;900;1;;;;;;;;;;;;;;;;;;;;;;;;;;;;;;;;
23:45:00;900;2;;;;;;;;;;;;;;;;;;;;;;;;;;;;;;;;
23:45:00;900;3;;;;;;;;;;;;;;;;;;;;;;;;;;;;;;;;
23:45:00;900;4;;;;;;;;;;;;;;;;;;;;;;;;;;;;;;;;
24:00:00;900;1;;;;;;;;;;;;;;;;;;;;;;;;;;;;;;;;
24:00:00;900;2;;;;;;;;;;;;;;;;;;;;;;;;;;;;;;;;
24:00:00;900;3;;;;;;;;;;;;;;;;;;;;;;;;;;;;;;;;
24:00:00;900;4;;;;;;;;;;;;;;;;;;;;;;;;;;;;;;;;
