;Addr;S_OLD;S_NEW;U_DC_0;I_DC_0;P_DC_WR;U_AC_0;I_AC_0;P_AC_WR;T_WR;E_D_WR;U_DC_1;I_DC_1;P_DC_1;U_DC_2;I_DC_2;P_DC_2;U_DC_3;I_DC_3;P_DC_3;U_AC_1;I_AC_1;P_AC_1;U_AC_2;I_AC_2;P_AC_2;U_AC_3;I_AC_3;P_AC_3;COS_PHI;;;;
;;;;V;A;W;V;A;W;°C;Wh;V;A;W;V;A;W;V;A;W;V;A;W;V;A;W;V;A;W;;;;;
05:28:10;3;1;3;301.4;0.00;0;222.7;0.00;0;14;0;;;;;;;;;;;;;;;;;;;;;0;0;0.0
05:29:31;2;1;3;283.9;0.00;0;220.6;0.00;0;14;0;;;;;;;;;;;;;;;;;;;;;0;0;0.0
05:30:42;3;3;1;226.2;0.00;1;222.9;0.00;1;14;0;;;;;;;;;;;;;;;;;;;;;0;0;0.0
05:32:01;2;3;1;239.7;0.00;1;220.9;0.00;1;14;0;;;;;;;;;;;;;;;;;;;;;0;0;0.0
05:32:07;4;1;3;290.2;0.00;0;221.8;0.00;0;14;0;;;;;;;;;;;;;;;;;;;;;0;0;0.0
05:33:44;3;1;3;308.7;0.00;0;222.1;0.00;0;14;0;;;;;;;;;;;;;;;;;;;;;0;0;0.0
05:35:05;2;1;3;329.3;0.00;0;220.9;0.00;0;14;0;;;;;;;;;;;;;;;;;;;;;0;0;0.0
05:37:44;1;1;3;221.4;0.00;0;222.2;0.00;0;14;0;;;;;;;;;;;;;;;;;;;;;0;0;0.0
05:40:15;1;3;1;223.4;0.01;2;222.7;0.01;2;14;0;;;;;;;;;;;;;;;;;;;;;0;0;0.0
05:43:21;1;1;3;316.3;0.00;0;222.9;0.00;0;14;0;;;;;;;;;;;;;;;;;;;;;0;0;0.0
05:58:28;3;3;4;200.0;0.46;93;220.6;0.40;89;15;15;;;;;;;;;;;;;;;;;;;;;0;0;0.0
05:58:47;4;3;4;199.9;0.44;88;220.8;0.38;84;15;16;;;;;;;;;;;;;;;;;;;;;0;0;0.0
05:58:53;2;3;4;199.9;0.43;87;219.0;0.38;84;15;15;;;;;;;;;;;;;;;;;;;;;0;0;0.0
05:58:57;2;4;3;199.9;0.46;92;218.9;0.40;88;15;15;;;;;;;;;;;;;;;;;;;;;0;0;0.0
05:59:25;1;3;4;237.2;0.36;85;221.4;0.37;82;15;10;;;;;;;;;;;;;;;;;;;;;0;0;0.0
05:59:26;2;3;4;199.8;0.49;97;219.4;0.42;93;15;15;;;;;;;;;;;;;;;;;;;;;0;0;0.0
13:05:43;1;4;64;253.5;0.73;186;225.8;0.79;178;40;25;;;;;;;;;;;;;;;;;;;;;0;0;0.0
13:05:47;1;64;4;243.1;0.73;177;225.7;0.75;170;40;25;;;;;;;;;;;;;;;;;;;;;0;0;0.0
14:41:13;4;4;64;287.8;0.66;191;225.0;0.82;184;36;87;;;;;;;;;;;;;;;;;;;;;0;0;0.0
14:41:17;4;64;4;289.2;0.64;186;224.7;0.80;179;36;88;;;;;;;;;;;;;;;;;;;;;0;0;0.0
14:41:19;2;4;64;293.1;0.64;189;223.9;0.81;182;35;87;;;;;;;;;;;;;;;;;;;;;0;0;0.0
14:41:23;2;64;4;292.8;0.65;191;223.7;0.82;184;35;88;;;;;;;;;;;;;;;;;;;;;0;0;0.0
14:41:43;2;4;64;299.0;0.64;192;224.1;0.82;185;35;89;;;;;;;;;;;;;;;;;;;;;0;0;0.0
14:41:47;2;64;4;298.5;0.63;189;224.0;0.81;182;35;89;;;;;;;;;;;;;;;;;;;;;0;0;0.0
14:44:28;1;4;64;212.6;0.80;170;225.8;0.72;164;33;87;;;;;;;;;;;;;;;;;;;;;0;0;0.0
14:44:32;1;64;4;227.5;0.76;174;225.6;0.74;167;33;87;;;;;;;;;;;;;;;;;;;;;0;0;0.0
16:27:31;1;4;64;237.2;0.73;175;226.5;0.74;168;31;68;;;;;;;;;;;;;;;;;;;;;0;0;0.0
16:27:35;1;64;4;221.3;0.77;170;226.5;0.72;163;31;68;;;;;;;;;;;;;;;;;;;;;0;0;0.0
16:31:44;1;4;3;215.0;0.46;100;226.1;0.42;96;31;3;;;;;;;;;;;;;;;;;;;;;0;0;0.0
16:31:47;1;3;4;230.5;0.43;99;225.6;0.42;95;31;3;;;;;;;;;;;;;;;;;;;;;0;0;0.0
16:32:04;1;4;3;223.3;0.40;89;225.9;0.38;85;31;4;;;;;;;;;;;;;;;;;;;;;0;0;0.0
16:32:43;4;4;64;266.6;0.55;147;225.0;0.63;141;33;8;;;;;;;;;;;;;;;;;;;;;0;0;0.0
16:32:47;4;64;4;275.0;0.52;144;225.4;0.61;138;33;8;;;;;;;;;;;;;;;;;;;;;0;0;0.0
16:40:37;2;4;3;283.2;0.36;103;222.6;0.44;99;32;24;;;;;;;;;;;;;;;;;;;;;0;0;0.0
16:40:41;2;3;4;271.4;0.35;96;222.6;0.41;92;32;24;;;;;;;;;;;;;;;;;;;;;0;0;0.0
16:40:43;4;4;3;272.7;0.37;101;224.1;0.43;97;32;23;;;;;;;;;;;;;;;;;;;;;0;0;0.0
16:40:49;2;4;3;279.6;0.33;93;223.1;0.40;89;32;24;;;;;;;;;;;;;;;;;;;;;0;0;0.0
16:40:53;2;3;4;290.7;0.31;92;222.7;0.40;88;32;24;;;;;;;;;;;;;;;;;;;;;0;0;0.0
16:40:57;2;4;3;284.8;0.32;93;222.9;0.40;89;32;24;;;;;;;;;;;;;;;;;;;;;0;0;0.0
16:41:02;3;4;3;273.2;0.37;102;224.5;0.44;98;32;27;;;;;;;;;;;;;;;;;;;;;0;0;0.0
16:44:14;1;3;1;200.0;0.00;0;224.3;0.00;0;30;12;;;;;;;;;;;;;;;;;;;;;0;0;0.0
16:47:19;1;1;3;239.7;0.00;0;224.8;0.00;0;29;0;;;;;;;;;;;;;;;;;;;;;0;0;0.0
16:47:26;2;3;1;209.4;0.00;0;222.8;0.00;0;31;1;;;;;;;;;;;;;;;;;;;;;0;0;0.0
16:47:37;1;3;1;137.4;0.00;0;225.0;0.00;0;29;0;;;;;;;;;;;;;;;;;;;;;0;0;0.0
16:48:49;4;3;1;200.0;0.00;0;224.1;0.00;0;32;0;;;;;;;;;;;;;;;;;;;;;0;0;0.0
16:49:18;3;3;1;200.2;0.00;0;225.2;0.00;0;31;1;;;;;;;;;;;;;;;;;;;;;0;0;0.0
16:51:44;4;1;3;268.6;0.00;0;223.4;0.00;0;31;0;;;;;;;;;;;;;;;;;;;;;0;0;0.0
16:51:53;4;3;1;161.4;0.00;0;223.9;0.00;0;31;0;;;;;;;;;;;;;;;;;;;;;0;0;0.0
17:05:12;1;1;2;80.3;0.00;0;224.7;0.00;0;28;0;;;;;;;;;;;;;;;;;;;;;0;0;0.0
17:15:04;4;1;2;80.1;0.00;0;223.0;0.00;0;29;0;;;;;;;;;;;;;;;;;;;;;0;0;0.0
17:17:49;2;1;2;81.4;0.00;0;221.7;0.00;0;28;0;;;;;;;;;;;;;;;;;;;;;0;0;0.0
17:19:04;3;1;2;80.5;0.00;0;223.3;0.00;0;28;0;;;;;;;;;;;;;;;;;;;;;0;0;0.0
