00:15:00;900;1;;;;;;;;;;;;;;;;;;;;;;;;;;;;;;;;
00:15:00;900;2;;;;;;;;;;;;;;;;;;;;;;;;;;;;;;;;
00:15:00;900;3;;;;;;;;;;;;;;;;;;;;;;;;;;;;;;;;
00:15:00;900;4;;;;;;;;;;;;;;;;;;;;;;;;;;;;;;;;
00:30:00;900;1;;;;;;;;;;;;;;;;;;;;;;;;;;;;;;;;
00:30:00;900;2;;;;;;;;;;;;;;;;;;;;;;;;;;;;;;;;
00:30:00;900;3;;;;;;;;;;;;;;;;;;;;;;;;;;;;;;;;
00:30:00;900;4;;;;;;;;;;;;;;;;;;;;;;;;;;;;;;;;
00:45:00;900;1;;;;;;;;;;;;;;;;;;;;;;;;;;;;;;;;
00:45:00;900;2;;;;;;;;;;;;;;;;;;;;;;;;;;;;;;;;
00:45:00;900;3;;;;;;;;;;;;;;;;;;;;;;;;;;;;;;;;
00:45:00;900;4;;;;;;;;;;;;;;;;;;;;;;;;;;;;;;;;
01:00:00;900;1;;;;;;;;;;;;;;;;;;;;;;;;;;;;;;;;
01:00:00;900;2;;;;;;;;;;;;;;;;;;;;;;;;;;;;;;;;
01:00:00;900;3;;;;;;;;;;;;;;;;;;;;;;;;;;;;;;;;
01:00:00;900;4;;;;;;;;;;;;;;;;;;;;;;;;;;;;;;;;
01:15:00;900;1;;;;;;;;;;;;;;;;;;;;;;;;;;;;;;;;
01:15:00;900;2;;;;;;;;;;;;;;;;;;;;;;;;;;;;;;;;
01:15:00;900;3;;;;;;;;;;;;;;;;;;;;;;;;;;;;;;;;
01:15:00;900;4;;;;;;;;;;;;;;;;;;;;;;;;;;;;;;;;
01:30:00;900;1;;;;;;;;;;;;;;;;;;;;;;;;;;;;;;;;
01:30:00;900;2;;;;;;;;;;;;;;;;;;;;;;;;;;;;;;;;
01:30:00;900;3;;;;;;;;;;;;;;;;;;;;;;;;;;;;;;;;
01:30:00;900;4;;;;;;;;;;;;;;;;;;;;;;;;;;;;;;;;
01:45:00;900;1;;;;;;;;;;;;;;;;;;;;;;;;;;;;;;;;
01:45:00;900;2;;;;;;;;;;;;;;;;;;;;;;;;;;;;;;;;
01:45:00;900;3;;;;;;;;;;;;;;;;;;;;;;;;;;;;;;;;
01:45:00;900;4;;;;;;;;;;;;;;;;;;;;;;;;;;;;;;;;
02:00:00;900;1;;;;;;;;;;;;;;;;;;;;;;;;;;;;;;;;
02:00:00;900;2;;;;;;;;;;;;;;;;;;;;;;;;;;;;;;;;
02:00:00;900;3;;;;;;;;;;;;;;;;;;;;;;;;;;;;;;;;
02:00:00;900;4;;;;;;;;;;;;;;;;;;;;;;;;;;;;;;;;
02:15:00;900;1;;;;;;;;;;;;;;;;;;;;;;;;;;;;;;;;
02:15:00;900;2;;;;;;;;;;;;;;;;;;;;;;;;;;;;;;;;
02:15:00;900;3;;;;;;;;;;;;;;;;;;;;;;;;;;;;;;;;
02:15:00;900;4;;;;;;;;;;;;;;;;;;;;;;;;;;;;;;;;
02:30:00;900;1;;;;;;;;;;;;;;;;;;;;;;;;;;;;;;;;
02:30:00;900;2;;;;;;;;;;;;;;;;;;;;;;;;;;;;;;;;
02:30:00;900;3;;;;;;;;;;;;;;;;;;;;;;;;;;;;;;;;
02:30:00;900;4;;;;;;;;;;;;;;;;;;;;;;;;;;;;;;;;
02:45:00;900;1;;;;;;;;;;;;;;;;;;;;;;;;;;;;;;;;
02:45:00;900;2;;;;;;;;;;;;;;;;;;;;;;;;;;;;;;;;
02:45:00;900;3;;;;;;;;;;;;;;;;;;;;;;;;;;;;;;;;
02:45:00;900;4;;;;;;;;;;;;;;;;;;;;;;;;;;;;;;;;
03:00:00;900;1;;;;;;;;;;;;;;;;;;;;;;;;;;;;;;;;
03:00:00;900;2;;;;;;;;;;;;;;;;;;;;;;;;;;;;;;;;
03:00:00;900;3;;;;;;;;;;;;;;;;;;;;;;;;;;;;;;;;
03:00:00;900;4;;;;;;;;;;;;;;;;;;;;;;;;;;;;;;;;
03:15:00;900;1;;;;;;;;;;;;;;;;;;;;;;;;;;;;;;;;
03:15:00;900;2;;;;;;;;;;;;;;;;;;;;;;;;;;;;;;;;
03:15:00;900;3;;;;;;;;;;;;;;;;;;;;;;;;;;;;;;;;
03:15:00;900;4;;;;;;;;;;;;;;;;;;;;;;;;;;;;;;;;
03:30:00;900;1;;;;;;;;;;;;;;;;;;;;;;;;;;;;;;;;
03:30:00;900;2;;;;;;;;;;;;;;;;;;;;;;;;;;;;;;;;
03:30:00;900;3;;;;;;;;;;;;;;;;;;;;;;;;;;;;;;;;
03:30:00;900;4;;;;;;;;;;;;;;;;;;;;;;;;;;;;;;;;
03:45:00;900;1;;;;;;;;;;;;;;;;;;;;;;;;;;;;;;;;
03:45:00;900;2;;;;;;;;;;;;;;;;;;;;;;;;;;;;;;;;
03:45:00;900;3;;;;;;;;;;;;;;;;;;;;;;;;;;;;;;;;
03:45:00;900;4;;;;;;;;;;;;;;;;;;;;;;;;;;;;;;;;
04:00:00;900;1;;;;;;;;;;;;;;;;;;;;;;;;;;;;;;;;
04:00:00;900;2;;;;;;;;;;;;;;;;;;;;;;;;;;;;;;;;
04:00:00;900;3;;;;;;;;;;;;;;;;;;;;;;;;;;;;;;;;
04:00:00;900;4;;;;;;;;;;;;;;;;;;;;;;;;;;;;;;;;
04:15:00;900;1;;;;;;;;;;;;;;;;;;;;;;;;;;;;;;;;
04:15:00;900;2;;;;;;;;;;;;;;;;;;;;;;;;;;;;;;;;
04:15:00;900;3;;;;;;;;;;;;;;;;;;;;;;;;;;;;;;;;
04:15:00;900;4;;;;;;;;;;;;;;;;;;;;;;;;;;;;;;;;
04:30:00;900;1;;;;;;;;;;;;;;;;;;;;;;;;;;;;;;;;
04:30:00;900;2;;;;;;;;;;;;;;;;;;;;;;;;;;;;;;;;
04:30:00;900;3;;;;;;;;;;;;;;;;;;;;;;;;;;;;;;;;
04:30:00;900;4;;;;;;;;;;;;;;;;;;;;;;;;;;;;;;;;
04:45:00;900;1;;;;;;;;;;;;;;;;;;;;;;;;;;;;;;;;
04:45:00;900;2;;;;;;;;;;;;;;;;;;;;;;;;;;;;;;;;
04:45:00;900;3;;;;;;;;;;;;;;;;;;;;;;;;;;;;;;;;
04:45:00;900;4;;;;;;;;;;;;;;;;;;;;;;;;;;;;;;;;
05:00:00;900;1;;;;;;;;;;;;;;;;;;;;;;;;;;;;;;;;
05:00:00;900;2;;;;;;;;;;;;;;;;;;;;;;;;;;;;;;;;
05:00:00;900;3;;;;;;;;;;;;;;;;;;;;;;;;;;;;;;;;
05:00:00;900;4;;;;;;;;;;;;;;;;;;;;;;;;;;;;;;;;
05:15:00;900;1;;;;;;;;;;;;;;;;;;;;;;;;;;;;;;;;
05:15:00;900;2;;;;;;;;;;;;;;;;;;;;;;;;;;;;;;;;
05:15:00;900;3;;;;;;;;;;;;;;;;;;;;;;;;;;;;;;;;
05:15:00;900;4;;;;;;;;;;;;;;;;;;;;;;;;;;;;;;;;
05:30:00;900;1;;;;;;;;;;;;;;;;;;;;;;;;;;;;;;;;
05:30:00;900;2;;;;;;;;;;;;;;;;;;;;;;;;;;;;;;;;
05:30:00;900;3;;;;;;;;;;;;;;;;;;;;;;;;;;;;;;;;
05:30:00;900;4;;;;;;;;;;;;;;;;;;;;;;;;;;;;;;;;
05:45:00;900;1;;;;;;;;;;;;;;;;;;;;;;;;;;;;;;;;
05:45:00;900;2;100;134.3;0.00;0;220.4;0.00;0;15;0;;;;;;;;;;;;;;;;;;;;;0;0;0.0
05:45:00;900;3;100;150.6;0.00;0;222.4;0.00;0;16;0;;;;;;;;;;;;;;;;;;;;;0;0;0.0
05:45:00;900;4;100;98.5;0.00;0;194.0;0.00;0;12;0;;;;;;;;;;;;;;;;;;;;;0;0;0.0
06:00:00;900;1;100;141.5;0.00;0;227.2;0.00;0;16;0;;;;;;;;;;;;;;;;;;;;;0;0;0.0
06:00:00;900;2;100;246.1;0.00;0;226.9;0.00;0;16;0;;;;;;;;;;;;;;;;;;;;;0;0;0.0
06:00:00;900;3;100;251.9;0.00;0;227.9;0.00;0;17;0;;;;;;;;;;;;;;;;;;;;;0;0;0.0
06:00:00;900;4;100;211.7;0.00;0;227.6;0.00;0;16;0;;;;;;;;;;;;;;;;;;;;;0;0;0.0
06:15:00;900;1;100;245.5;0.00;0;228.1;0.00;0;16;0;;;;;;;;;;;;;;;;;;;;;0;0;0.0
06:15:00;900;2;100;287.2;0.01;4;225.9;0.02;4;16;0;;;;;;;;;;;;;;;;;;;;;0;0;0.0
06:15:00;900;3;100;275.7;0.03;6;226.8;0.03;6;17;1;;;;;;;;;;;;;;;;;;;;;0;0;0.0
06:15:00;900;4;100;275.9;0.01;3;227.0;0.01;3;16;0;;;;;;;;;;;;;;;;;;;;;0;0;0.0
06:30:00;900;1;100;247.4;0.10;23;226.4;0.10;22;17;6;;;;;;;;;;;;;;;;;;;;;0;0;0.0
06:30:00;900;2;100;235.6;0.25;57;224.1;0.24;55;17;15;;;;;;;;;;;;;;;;;;;;;0;0;0.0
06:30:00;900;3;100;222.4;0.29;65;224.9;0.28;62;17;16;;;;;;;;;;;;;;;;;;;;;0;0;0.0
06:30:00;900;4;100;223.7;0.26;57;225.4;0.24;55;17;15;;;;;;;;;;;;;;;;;;;;;0;0;0.0
06:45:00;900;1;100;226.2;0.39;89;225.5;0.38;85;18;20;;;;;;;;;;;;;;;;;;;;;0;0;0.0
06:45:00;900;2;100;243.5;0.49;125;223.3;0.54;120;18;26;;;;;;;;;;;;;;;;;;;;;0;0;0.0
06:45:00;900;3;100;284.2;0.55;157;223.9;0.67;151;18;37;;;;;;;;;;;;;;;;;;;;;0;0;0.0
06:45:00;900;4;100;259.1;0.51;134;224.4;0.57;129;18;31;;;;;;;;;;;;;;;;;;;;;0;0;0.0
07:00:00;900;1;100;241.1;1.13;276;225.1;1.18;265;18;65;;;;;;;;;;;;;;;;;;;;;0;0;0.0
07:00:00;900;2;100;308.9;1.15;356;222.7;1.53;342;19;85;;;;;;;;;;;;;;;;;;;;;0;0;0.0
07:00:00;900;3;100;293.0;1.28;377;223.3;1.62;362;19;90;;;;;;;;;;;;;;;;;;;;;0;0;0.0
07:00:00;900;4;100;289.5;1.25;364;224.0;1.56;349;19;86;;;;;;;;;;;;;;;;;;;;;0;0;0.0
07:15:00;900;1;100;259.8;2.25;584;225.6;2.48;560;19;140;;;;;;;;;;;;;;;;;;;;;0;0;0.0
07:15:00;900;2;100;318.3;2.15;684;223.1;2.94;657;20;163;;;;;;;;;;;;;;;;;;;;;0;0;0.0
07:15:00;900;3;100;300.3;2.37;713;223.8;3.06;684;20;170;;;;;;;;;;;;;;;;;;;;;0;0;0.0
07:15:00;900;4;100;303.0;2.34;709;224.5;3.03;681;20;170;;;;;;;;;;;;;;;;;;;;;0;0;0.0
07:30:00;900;1;100;263.3;2.94;775;224.6;3.31;744;21;186;;;;;;;;;;;;;;;;;;;;;0;0;0.0
07:30:00;900;2;100;318.4;2.76;878;222.2;3.79;843;22;210;;;;;;;;;;;;;;;;;;;;;0;0;0.0
07:30:00;900;3;100;299.7;3.04;912;222.9;3.93;875;22;217;;;;;;;;;;;;;;;;;;;;;0;0;0.0
07:30:00;900;4;100;303.1;3.01;913;223.6;3.92;876;22;218;;;;;;;;;;;;;;;;;;;;;0;0;0.0
07:45:00;900;1;100;263.5;2.90;765;224.8;3.27;734;22;182;;;;;;;;;;;;;;;;;;;;;0;0;0.0
07:45:00;900;2;100;316.7;2.73;865;222.4;3.74;831;23;207;;;;;;;;;;;;;;;;;;;;;0;0;0.0
07:45:00;900;3;100;297.4;3.03;901;223.0;3.88;865;23;216;;;;;;;;;;;;;;;;;;;;;0;0;0.0
07:45:00;900;4;100;302.8;2.99;906;223.7;3.89;869;23;217;;;;;;;;;;;;;;;;;;;;;0;0;0.0
08:00:00;900;1;100;263.9;3.21;847;224.0;3.63;813;23;202;;;;;;;;;;;;;;;;;;;;;0;0;0.0
08:00:00;900;2;100;316.8;2.97;942;221.6;4.08;905;24;226;;;;;;;;;;;;;;;;;;;;;0;0;0.0
08:00:00;900;3;100;297.5;3.29;978;221.7;4.24;939;24;233;;;;;;;;;;;;;;;;;;;;;0;0;0.0
08:00:00;900;4;100;303.0;3.25;984;222.9;4.24;945;25;235;;;;;;;;;;;;;;;;;;;;;0;0;0.0
08:15:00;900;1;100;261.3;3.00;784;223.8;3.36;753;24;188;;;;;;;;;;;;;;;;;;;;;0;0;0.0
08:15:00;900;2;100;315.1;2.78;878;221.4;3.80;843;25;210;;;;;;;;;;;;;;;;;;;;;0;0;0.0
08:15:00;900;3;100;295.9;3.09;915;221.5;3.96;878;25;219;;;;;;;;;;;;;;;;;;;;;0;0;0.0
08:15:00;900;4;100;301.0;3.05;919;222.7;3.96;882;26;220;;;;;;;;;;;;;;;;;;;;;0;0;0.0
08:30:00;900;1;100;266.2;4.48;1198;223.6;5.14;1151;25;286;;;;;;;;;;;;;;;;;;;;;0;0;0.0
08:30:00;900;2;100;316.0;4.10;1295;221.1;5.62;1244;26;308;;;;;;;;;;;;;;;;;;;;;0;0;0.0
08:30:00;900;3;100;297.9;4.50;1342;221.2;5.82;1288;26;321;;;;;;;;;;;;;;;;;;;;;0;0;0.0
08:30:00;900;4;100;303.5;4.45;1355;222.5;5.84;1301;26;322;;;;;;;;;;;;;;;;;;;;;0;0;0.0
08:45:00;900;1;100;268.3;5.86;1572;223.7;6.74;1509;27;376;;;;;;;;;;;;;;;;;;;;;0;0;0.0
08:45:00;900;2;100;313.0;5.27;1650;220.9;7.17;1584;28;395;;;;;;;;;;;;;;;;;;;;;0;0;0.0
08:45:00;900;3;100;295.9;5.77;1709;220.8;7.43;1640;28;410;;;;;;;;;;;;;;;;;;;;;0;0;0.0
08:45:00;900;4;100;303.4;5.73;1740;222.6;7.50;1670;29;417;;;;;;;;;;;;;;;;;;;;;0;0;0.0
09:00:00;900;1;100;268.9;5.40;1453;223.2;6.24;1395;28;348;;;;;;;;;;;;;;;;;;;;;0;0;0.0
09:00:00;900;2;100;315.8;4.87;1539;220.4;6.70;1478;30;367;;;;;;;;;;;;;;;;;;;;;0;0;0.0
09:00:00;900;3;100;295.0;5.42;1599;220.3;6.96;1535;30;381;;;;;;;;;;;;;;;;;;;;;0;0;0.0
09:00:00;900;4;100;304.2;5.33;1624;222.1;7.01;1559;30;389;;;;;;;;;;;;;;;;;;;;;0;0;0.0
09:15:00;900;1;100;272.3;7.28;1983;225.2;8.45;1904;29;472;;;;;;;;;;;;;;;;;;;;;0;0;0.0
09:15:00;900;2;100;312.4;6.65;2076;221.9;8.98;1993;31;497;;;;;;;;;;;;;;;;;;;;;0;0;0.0
09:15:00;900;3;100;294.3;7.31;2152;221.6;9.32;2066;31;514;;;;;;;;;;;;;;;;;;;;;0;0;0.0
09:15:00;900;4;100;303.3;7.26;2202;224.1;9.43;2114;32;526;;;;;;;;;;;;;;;;;;;;;0;0;0.0
09:30:00;900;1;100;268.7;5.66;1520;224.5;6.50;1460;31;364;;;;;;;;;;;;;;;;;;;;;0;0;0.0
09:30:00;900;2;100;311.5;5.22;1625;221.4;7.04;1560;33;389;;;;;;;;;;;;;;;;;;;;;0;0;0.0
09:30:00;900;3;100;294.3;5.76;1696;221.4;7.35;1628;33;405;;;;;;;;;;;;;;;;;;;;;0;0;0.0
09:30:00;900;4;100;302.2;5.74;1734;223.5;7.45;1665;34;413;;;;;;;;;;;;;;;;;;;;;0;0;0.0
09:45:00;900;1;100;268.9;6.43;1733;224.7;7.40;1664;31;414;;;;;;;;;;;;;;;;;;;;;0;0;0.0
09:45:00;900;2;100;311.6;5.86;1826;221.7;7.90;1753;33;437;;;;;;;;;;;;;;;;;;;;;0;0;0.0
09:45:00;900;3;100;292.9;6.47;1895;221.7;8.20;1820;33;453;;;;;;;;;;;;;;;;;;;;;0;0;0.0
09:45:00;900;4;100;301.4;6.44;1943;223.6;8.34;1866;34;465;;;;;;;;;;;;;;;;;;;;;0;0;0.0
10:00:00;900;1;100;268.5;8.65;2321;225.8;9.86;2228;33;556;;;;;;;;;;;;;;;;;;;;;0;0;0.0
10:00:00;900;2;100;303.7;7.89;2395;222.5;10.33;2300;35;572;;;;;;;;;;;;;;;;;;;;;0;0;0.0
10:00:00;900;3;100;287.1;8.72;2502;222.6;10.79;2402;35;601;;;;;;;;;;;;;;;;;;;;;0;0;0.0
10:00:00;900;4;100;298.5;8.70;2597;224.7;11.09;2494;36;619;;;;;;;;;;;;;;;;;;;;;0;0;0.0
10:15:00;900;1;100;267.3;7.28;1949;225.3;8.30;1872;34;467;;;;;;;;;;;;;;;;;;;;;0;0;0.0
10:15:00;900;2;100;303.7;6.65;2017;222.3;8.70;1936;37;482;;;;;;;;;;;;;;;;;;;;;0;0;0.0
10:15:00;900;3;100;286.8;7.34;2104;222.3;9.08;2020;37;504;;;;;;;;;;;;;;;;;;;;;0;0;0.0
10:15:00;900;4;100;297.6;7.33;2181;224.2;9.33;2094;38;523;;;;;;;;;;;;;;;;;;;;;0;0;0.0
10:30:00;900;1;100;272.0;10.69;2916;226.2;12.36;2800;36;695;;;;;;;;;;;;;;;;;;;;;0;0;0.0
10:30:00;900;2;100;299.8;9.74;2911;222.7;12.53;2795;38;694;;;;;;;;;;;;;;;;;;;;;0;0;0.0
10:30:00;900;3;100;284.4;10.60;3011;222.7;12.97;2890;38;718;;;;;;;;;;;;;;;;;;;;;0;0;0.0
10:30:00;900;4;100;298.9;10.36;3100;225.0;13.21;2976;39;742;;;;;;;;;;;;;;;;;;;;;0;0;0.0
10:45:00;900;1;100;279.8;11.88;3343;226.2;14.17;3210;39;798;;;;;;;;;;;;;;;;;;;;;0;0;0.0
10:45:00;900;2;100;293.9;11.11;3266;222.5;14.07;3135;41;783;;;;;;;;;;;;;;;;;;;;;0;0;0.0
10:45:00;900;3;100;281.4;11.98;3375;222.3;14.56;3240;41;806;;;;;;;;;;;;;;;;;;;;;0;0;0.0
10:45:00;900;4;100;298.5;11.55;3460;225.0;14.74;3322;43;828;;;;;;;;;;;;;;;;;;;;;0;0;0.0
11:00:00;900;1;100;285.1;12.51;3591;226.3;15.21;3447;43;864;;;;;;;;;;;;;;;;;;;;;0;0;0.0
11:00:00;900;2;100;289.1;12.25;3545;222.8;15.26;3404;44;847;;;;;;;;;;;;;;;;;;;;;0;0;0.0
11:00:00;900;3;100;277.7;13.04;3635;222.6;15.66;3489;44;869;;;;;;;;;;;;;;;;;;;;;0;0;0.0
11:00:00;900;4;100;301.0;12.32;3729;225.2;15.88;3580;46;891;;;;;;;;;;;;;;;;;;;;;0;0;0.0
11:15:00;900;1;100;294.7;13.26;3908;226.8;16.53;3751;45;932;;;;;;;;;;;;;;;;;;;;;0;0;0.0
11:15:00;900;2;100;289.2;13.20;3819;223.1;16.43;3667;47;909;;;;;;;;;;;;;;;;;;;;;0;0;0.0
11:15:00;900;3;100;277.3;13.90;3861;222.9;16.62;3707;47;923;;;;;;;;;;;;;;;;;;;;;0;0;0.0
11:15:00;900;4;100;301.4;13.08;3950;225.6;16.80;3792;48;944;;;;;;;;;;;;;;;;;;;;;0;0;0.0
11:30:00;900;1;100;287.9;12.66;3666;226.2;15.54;3520;48;876;;;;;;;;;;;;;;;;;;;;;0;0;0.0
11:30:00;900;2;100;289.2;12.37;3583;222.6;15.43;3440;49;858;;;;;;;;;;;;;;;;;;;;;0;0;0.0
11:30:00;900;3;100;279.2;12.95;3628;222.5;15.64;3483;49;868;;;;;;;;;;;;;;;;;;;;;0;0;0.0
11:30:00;900;4;100;300.0;12.29;3705;225.1;15.79;3557;50;882;;;;;;;;;;;;;;;;;;;;;0;0;0.0
11:45:00;900;1;100;295.8;12.05;3610;225.5;15.34;3466;49;866;;;;;;;;;;;;;;;;;;;;;0;0;0.0
11:45:00;900;2;100;292.6;12.08;3548;222.1;15.31;3407;50;849;;;;;;;;;;;;;;;;;;;;;0;0;0.0
11:45:00;900;3;100;281.5;12.66;3583;221.8;15.48;3440;50;856;;;;;;;;;;;;;;;;;;;;;0;0;0.0
11:45:00;900;4;100;301.3;11.86;3609;224.3;15.42;3465;49;863;;;;;;;;;;;;;;;;;;;;;0;0;0.0
12:00:00;900;1;100;281.7;11.88;3379;225.1;14.38;3243;50;802;;;;;;;;;;;;;;;;;;;;;0;0;0.0
12:00:00;900;2;100;290.5;11.36;3301;221.9;14.26;3169;49;784;;;;;;;;;;;;;;;;;;;;;0;0;0.0
12:00:00;900;3;100;278.8;12.02;3362;221.6;14.55;3228;49;807;;;;;;;;;;;;;;;;;;;;;0;0;0.0
12:00:00;900;4;100;298.1;11.50;3449;223.9;14.76;3311;48;827;;;;;;;;;;;;;;;;;;;;;0;0;0.0
12:15:00;900;1;100;282.5;12.38;3518;226.7;14.88;3377;47;844;;;;;;;;;;;;;;;;;;;;;0;0;0.0
12:15:00;900;2;100;293.4;11.70;3435;223.3;14.75;3297;48;824;;;;;;;;;;;;;;;;;;;;;0;0;0.0
12:15:00;900;3;100;281.5;12.39;3497;223.5;15.01;3357;48;839;;;;;;;;;;;;;;;;;;;;;0;0;0.0
12:15:00;900;4;100;300.6;11.84;3575;225.5;15.20;3432;49;852;;;;;;;;;;;;;;;;;;;;;0;0;0.0
12:30:00;900;1;100;277.9;11.99;3363;226.8;14.20;3229;48;808;;;;;;;;;;;;;;;;;;;;;0;0;0.0
12:30:00;900;2;100;289.6;11.28;3271;223.4;14.03;3140;50;783;;;;;;;;;;;;;;;;;;;;;0;0;0.0
12:30:00;900;3;100;276.8;12.11;3358;223.9;14.37;3224;50;801;;;;;;;;;;;;;;;;;;;;;0;0;0.0
12:30:00;900;4;100;296.1;11.57;3444;225.7;14.62;3307;51;829;;;;;;;;;;;;;;;;;;;;;0;0;0.0
12:45:00;900;1;100;265.2;7.25;1957;225.3;8.31;1879;49;465;;;;;;;;;;;;;;;;;;;;;0;0;0.0
12:45:00;900;2;100;296.2;6.74;1997;222.4;8.60;1917;49;476;;;;;;;;;;;;;;;;;;;;;0;0;0.0
12:45:00;900;3;100;281.0;7.35;2071;222.2;8.92;1989;49;496;;;;;;;;;;;;;;;;;;;;;0;0;0.0
12:45:00;900;4;100;294.0;7.22;2145;224.3;9.15;2059;48;512;;;;;;;;;;;;;;;;;;;;;0;0;0.0
13:00:00;900;1;100;273.4;6.99;1957;225.6;8.29;1879;47;468;;;;;;;;;;;;;;;;;;;;;0;0;0.0
13:00:00;900;2;100;310.4;6.43;2015;222.9;8.65;1934;46;482;;;;;;;;;;;;;;;;;;;;;0;0;0.0
13:00:00;900;3;100;292.7;7.02;2074;222.8;8.91;1991;46;494;;;;;;;;;;;;;;;;;;;;;0;0;0.0
13:00:00;900;4;100;304.1;6.91;2127;224.5;9.06;2042;46;507;;;;;;;;;;;;;;;;;;;;;0;0;0.0
13:15:00;900;1;100;277.2;9.85;2762;227.6;11.63;2651;47;663;;;;;;;;;;;;;;;;;;;;;0;0;0.0
13:15:00;900;2;100;302.8;8.94;2718;224.5;11.60;2609;45;649;;;;;;;;;;;;;;;;;;;;;0;0;0.0
13:15:00;900;3;100;288.2;9.71;2812;224.4;12.01;2699;45;675;;;;;;;;;;;;;;;;;;;;;0;0;0.0
13:15:00;900;4;100;301.6;9.51;2887;226.6;12.21;2772;45;691;;;;;;;;;;;;;;;;;;;;;0;0;0.0
13:30:00;900;1;100;278.2;13.45;3753;229.5;15.68;3603;48;898;;;;;;;;;;;;;;;;;;;;;0;0;0.0
13:30:00;900;2;100;283.9;12.89;3654;226.0;15.51;3508;47;877;;;;;;;;;;;;;;;;;;;;;0;0;0.0
13:30:00;900;3;100;274.6;13.92;3819;225.8;16.22;3666;47;913;;;;;;;;;;;;;;;;;;;;;0;0;0.0
13:30:00;900;4;100;297.0;13.27;3949;228.3;16.59;3791;48;945;;;;;;;;;;;;;;;;;;;;;0;0;0.0
13:45:00;900;1;100;260.3;12.07;3176;228.5;13.29;3049;49;762;;;;;;;;;;;;;;;;;;;;;0;0;0.0
13:45:00;900;2;100;283.3;10.88;3079;225.3;13.08;2956;50;736;;;;;;;;;;;;;;;;;;;;;0;0;0.0
13:45:00;900;3;100;270.0;11.78;3177;225.2;13.50;3050;50;760;;;;;;;;;;;;;;;;;;;;;0;0;0.0
13:45:00;900;4;100;288.5;11.59;3361;227.4;14.13;3227;50;804;;;;;;;;;;;;;;;;;;;;;0;0;0.0
14:00:00;900;1;100;261.7;11.37;3006;228.1;12.60;2886;50;719;;;;;;;;;;;;;;;;;;;;;0;0;0.0
14:00:00;900;2;100;289.3;10.18;2945;225.1;12.52;2827;50;702;;;;;;;;;;;;;;;;;;;;;0;0;0.0
14:00:00;900;3;100;274.6;11.08;3043;225.2;12.93;2921;49;727;;;;;;;;;;;;;;;;;;;;;0;0;0.0
14:00:00;900;4;100;289.0;10.90;3169;227.0;13.34;3042;48;761;;;;;;;;;;;;;;;;;;;;;0;0;0.0
14:15:00;900;1;100;266.4;12.73;3390;228.2;14.25;3255;50;810;;;;;;;;;;;;;;;;;;;;;0;0;0.0
14:15:00;900;2;100;286.9;11.44;3280;224.8;14.00;3149;48;783;;;;;;;;;;;;;;;;;;;;;0;0;0.0
14:15:00;900;3;100;273.2;12.42;3392;225.1;14.46;3256;48;810;;;;;;;;;;;;;;;;;;;;;0;0;0.0
14:15:00;900;4;100;290.1;12.28;3561;227.1;15.04;3419;48;849;;;;;;;;;;;;;;;;;;;;;0;0;0.0
14:30:00;900;1;100;264.5;11.88;3142;226.7;13.30;3016;49;753;;;;;;;;;;;;;;;;;;;;;0;0;0.0
14:30:00;900;2;100;288.4;10.72;3091;223.4;13.29;2968;48;738;;;;;;;;;;;;;;;;;;;;;0;0;0.0
14:30:00;900;3;100;274.7;11.65;3200;223.5;13.74;3073;48;763;;;;;;;;;;;;;;;;;;;;;0;0;0.0
14:30:00;900;4;100;291.1;11.54;3357;225.7;14.28;3223;50;802;;;;;;;;;;;;;;;;;;;;;0;0;0.0
14:45:00;900;1;100;266.0;10.92;2904;226.1;12.33;2788;48;694;;;;;;;;;;;;;;;;;;;;;0;0;0.0
14:45:00;900;2;100;293.8;9.84;2892;222.8;12.46;2776;48;692;;;;;;;;;;;;;;;;;;;;;0;0;0.0
14:45:00;900;3;100;279.0;10.73;2992;222.9;12.89;2873;49;716;;;;;;;;;;;;;;;;;;;;;0;0;0.0
14:45:00;900;4;100;294.3;10.59;3116;225.1;13.29;2992;50;745;;;;;;;;;;;;;;;;;;;;;0;0;0.0
15:00:00;900;1;100;266.6;10.21;2720;225.4;11.58;2612;48;649;;;;;;;;;;;;;;;;;;;;;0;0;0.0
15:00:00;900;2;100;296.6;9.20;2728;222.6;11.76;2619;49;654;;;;;;;;;;;;;;;;;;;;;0;0;0.0
15:00:00;900;3;100;281.8;10.04;2829;222.4;12.21;2716;49;676;;;;;;;;;;;;;;;;;;;;;0;0;0.0
15:00:00;900;4;100;296.1;9.88;2926;224.4;12.52;2809;48;696;;;;;;;;;;;;;;;;;;;;;0;0;0.0
15:15:00;900;1;100;265.5;9.18;2438;224.8;10.41;2341;48;584;;;;;;;;;;;;;;;;;;;;;0;0;0.0
15:15:00;900;2;100;298.1;8.25;2457;222.6;10.60;2359;49;588;;;;;;;;;;;;;;;;;;;;;0;0;0.0
15:15:00;900;3;100;283.0;8.99;2544;222.2;10.99;2442;49;606;;;;;;;;;;;;;;;;;;;;;0;0;0.0
15:15:00;900;4;100;296.4;8.82;2616;223.8;11.22;2511;48;626;;;;;;;;;;;;;;;;;;;;;0;0;0.0
15:30:00;900;1;100;266.3;8.18;2177;224.6;9.31;2090;48;518;;;;;;;;;;;;;;;;;;;;;0;0;0.0
15:30:00;900;2;100;300.9;7.37;2218;222.2;9.58;2129;49;529;;;;;;;;;;;;;;;;;;;;;0;0;0.0
15:30:00;900;3;100;286.0;8.04;2301;222.1;9.95;2209;49;552;;;;;;;;;;;;;;;;;;;;;0;0;0.0
15:30:00;900;4;100;298.8;7.86;2349;223.5;10.09;2256;48;563;;;;;;;;;;;;;;;;;;;;;0;0;0.0
15:45:00;900;1;100;265.4;7.24;1921;224.2;8.23;1844;48;459;;;;;;;;;;;;;;;;;;;;;0;0;0.0
15:45:00;900;2;100;303.1;6.50;1971;221.3;8.55;1892;49;472;;;;;;;;;;;;;;;;;;;;;0;0;0.0
15:45:00;900;3;100;288.0;7.10;2045;221.2;8.87;1964;49;489;;;;;;;;;;;;;;;;;;;;;0;0;0.0
15:45:00;900;4;100;299.1;6.91;2068;223.2;8.89;1985;48;493;;;;;;;;;;;;;;;;;;;;;0;0;0.0
16:00:00;900;1;100;262.0;5.54;1465;223.9;6.27;1406;47;352;;;;;;;;;;;;;;;;;;;;;0;0;0.0
16:00:00;900;2;100;306.1;4.95;1520;220.9;6.60;1459;48;363;;;;;;;;;;;;;;;;;;;;;0;0;0.0
16:00:00;900;3;100;290.0;5.41;1576;221.2;6.83;1513;49;376;;;;;;;;;;;;;;;;;;;;;0;0;0.0
16:00:00;900;4;100;298.6;5.24;1575;222.9;6.78;1512;48;378;;;;;;;;;;;;;;;;;;;;;0;0;0.0
16:15:00;900;1;100;246.7;2.36;599;223.2;2.57;575;45;143;;;;;;;;;;;;;;;;;;;;;0;0;0.0
16:15:00;900;2;100;302.7;1.99;616;220.4;2.68;592;46;147;;;;;;;;;;;;;;;;;;;;;0;0;0.0
16:15:00;900;3;100;287.9;2.20;644;221.1;2.79;619;46;155;;;;;;;;;;;;;;;;;;;;;0;0;0.0
16:15:00;900;4;100;289.3;2.11;626;222.2;2.70;601;46;150;;;;;;;;;;;;;;;;;;;;;0;0;0.0
16:30:00;900;1;100;263.2;3.84;1010;222.9;4.35;970;43;242;;;;;;;;;;;;;;;;;;;;;0;0;0.0
16:30:00;900;2;100;313.9;3.43;1077;220.8;4.68;1034;45;259;;;;;;;;;;;;;;;;;;;;;0;0;0.0
16:30:00;900;3;100;297.0;3.78;1123;220.4;4.89;1078;45;268;;;;;;;;;;;;;;;;;;;;;0;0;0.0
16:30:00;900;4;100;304.0;3.61;1098;221.9;4.75;1054;45;262;;;;;;;;;;;;;;;;;;;;;0;0;0.0
16:45:00;900;1;100;258.0;2.84;733;222.5;3.16;704;42;175;;;;;;;;;;;;;;;;;;;;;0;0;0.0
16:45:00;900;2;100;312.1;2.52;788;220.7;3.43;756;43;187;;;;;;;;;;;;;;;;;;;;;0;0;0.0
16:45:00;900;3;100;296.1;2.79;826;220.5;3.60;793;43;197;;;;;;;;;;;;;;;;;;;;;0;0;0.0
16:45:00;900;4;100;301.3;2.63;792;221.5;3.43;760;43;189;;;;;;;;;;;;;;;;;;;;;0;0;0.0
17:00:00;900;1;100;249.7;1.90;474;222.5;2.05;455;41;113;;;;;;;;;;;;;;;;;;;;;0;0;0.0
17:00:00;900;2;100;307.6;1.67;514;220.8;2.23;493;42;124;;;;;;;;;;;;;;;;;;;;;0;0;0.0
17:00:00;900;3;100;292.4;1.85;540;220.6;2.35;519;42;130;;;;;;;;;;;;;;;;;;;;;0;0;0.0
17:00:00;900;4;100;296.0;1.70;505;221.5;2.19;485;42;121;;;;;;;;;;;;;;;;;;;;;0;0;0.0
17:15:00;900;1;100;235.4;1.11;262;223.9;1.12;252;40;63;;;;;;;;;;;;;;;;;;;;;0;0;0.0
17:15:00;900;2;100;301.8;0.93;281;222.2;1.22;270;41;67;;;;;;;;;;;;;;;;;;;;;0;0;0.0
17:15:00;900;3;100;286.7;1.04;300;222.1;1.30;288;41;72;;;;;;;;;;;;;;;;;;;;;0;0;0.0
17:15:00;900;4;100;285.5;0.94;269;222.8;1.16;258;41;64;;;;;;;;;;;;;;;;;;;;;0;0;0.0
17:30:00;900;1;100;213.1;0.56;120;224.8;0.51;115;39;29;;;;;;;;;;;;;;;;;;;;;0;0;0.0
17:30:00;900;2;100;281.7;0.43;124;223.4;0.53;119;40;30;;;;;;;;;;;;;;;;;;;;;0;0;0.0
17:30:00;900;3;100;280.1;0.49;138;223.3;0.59;133;40;33;;;;;;;;;;;;;;;;;;;;;0;0;0.0
17:30:00;900;4;100;245.8;0.44;110;223.8;0.47;106;40;27;;;;;;;;;;;;;;;;;;;;;0;0;0.0
17:45:00;900;1;100;200.0;0.37;73;225.9;0.31;71;39;17;;;;;;;;;;;;;;;;;;;;;0;0;0.0
17:45:00;900;2;100;209.1;0.31;66;224.4;0.28;63;39;15;;;;;;;;;;;;;;;;;;;;;0;0;0.0
17:45:00;900;3;100;201.3;0.37;74;224.3;0.32;71;38;17;;;;;;;;;;;;;;;;;;;;;0;0;0.0
17:45:00;900;4;100;199.9;0.33;66;224.9;0.28;64;38;16;;;;;;;;;;;;;;;;;;;;;0;0;0.0
18:00:00;900;1;100;200.0;0.22;45;227.1;0.19;43;37;11;;;;;;;;;;;;;;;;;;;;;0;0;0.0
18:00:00;900;2;100;209.2;0.28;60;225.2;0.25;57;38;15;;;;;;;;;;;;;;;;;;;;;0;0;0.0
18:00:00;900;3;100;199.9;0.34;68;225.8;0.29;65;37;17;;;;;;;;;;;;;;;;;;;;;0;0;0.0
18:00:00;900;4;100;199.9;0.30;59;226.1;0.25;57;38;14;;;;;;;;;;;;;;;;;;;;;0;0;0.0
18:15:00;900;1;100;211.6;0.00;1;228.0;0.00;1;36;0;;;;;;;;;;;;;;;;;;;;;0;0;0.0
18:15:00;900;2;100;249.5;0.04;8;225.8;0.03;8;37;1;;;;;;;;;;;;;;;;;;;;;0;0;0.0
18:15:00;900;3;100;219.3;0.07;13;226.8;0.06;13;37;2;;;;;;;;;;;;;;;;;;;;;0;0;0.0
18:15:00;900;4;100;221.9;0.04;8;227.0;0.03;8;37;1;;;;;;;;;;;;;;;;;;;;;0;0;0.0
18:30:00;900;1;100;89.1;0.00;0;226.0;0.00;0;35;0;;;;;;;;;;;;;;;;;;;;;0;0;0.0
18:30:00;900;2;100;175.2;0.00;0;223.0;0.00;0;35;0;;;;;;;;;;;;;;;;;;;;;0;0;0.0
18:30:00;900;3;100;192.8;0.00;0;224.8;0.00;0;35;0;;;;;;;;;;;;;;;;;;;;;0;0;0.0
18:30:00;900;4;100;139.7;0.00;0;225.2;0.00;0;35;0;;;;;;;;;;;;;;;;;;;;;0;0;0.0
18:45:00;900;1;;;;;;;;;;;;;;;;;;;;;;;;;;;;;;;;
18:45:00;900;2;100;53.7;0.00;0;222.3;0.00;0;34;0;;;;;;;;;;;;;;;;;;;;;0;0;0.0
18:45:00;900;3;100;64.4;0.00;0;224.9;0.00;0;34;0;;;;;;;;;;;;;;;;;;;;;0;0;0.0
18:45:00;900;4;;;;;;;;;;;;;;;;;;;;;;;;;;;;;;;;
19:00:00;900;1;;;;;;;;;;;;;;;;;;;;;;;;;;;;;;;;
19:00:00;900;2;;;;;;;;;;;;;;;;;;;;;;;;;;;;;;;;
19:00:00;900;3;;;;;;;;;;;;;;;;;;;;;;;;;;;;;;;;
19:00:00;900;4;;;;;;;;;;;;;;;;;;;;;;;;;;;;;;;;
19:15:00;900;1;;;;;;;;;;;;;;;;;;;;;;;;;;;;;;;;
19:15:00;900;2;;;;;;;;;;;;;;;;;;;;;;;;;;;;;;;;
19:15:00;900;3;;;;;;;;;;;;;;;;;;;;;;;;;;;;;;;;
19:15:00;900;4;;;;;;;;;;;;;;;;;;;;;;;;;;;;;;;;
19:30:00;900;1;;;;;;;;;;;;;;;;;;;;;;;;;;;;;;;;
19:30:00;900;2;;;;;;;;;;;;;;;;;;;;;;;;;;;;;;;;
19:30:00;900;3;;;;;;;;;;;;;;;;;;;;;;;;;;;;;;;;
19:30:00;900;4;;;;;;;;;;;;;;;;;;;;;;;;;;;;;;;;
19:45:00;900;1;;;;;;;;;;;;;;;;;;;;;;;;;;;;;;;;
19:45:00;900;2;;;;;;;;;;;;;;;;;;;;;;;;;;;;;;;;
19:45:00;900;3;;;;;;;;;;;;;;;;;;;;;;;;;;;;;;;;
19:45:00;900;4;;;;;;;;;;;;;;;;;;;;;;;;;;;;;;;;
20:00:00;900;1;;;;;;;;;;;;;;;;;;;;;;;;;;;;;;;;
20:00:00;900;2;;;;;;;;;;;;;;;;;;;;;;;;;;;;;;;;
20:00:00;900;3;;;;;;;;;;;;;;;;;;;;;;;;;;;;;;;;
20:00:00;900;4;;;;;;;;;;;;;;;;;;;;;;;;;;;;;;;;
20:15:00;900;1;;;;;;;;;;;;;;;;;;;;;;;;;;;;;;;;
20:15:00;900;2;;;;;;;;;;;;;;;;;;;;;;;;;;;;;;;;
20:15:00;900;3;;;;;;;;;;;;;;;;;;;;;;;;;;;;;;;;
20:15:00;900;4;;;;;;;;;;;;;;;;;;;;;;;;;;;;;;;;
20:30:00;900;1;;;;;;;;;;;;;;;;;;;;;;;;;;;;;;;;
20:30:00;900;2;;;;;;;;;;;;;;;;;;;;;;;;;;;;;;;;
20:30:00;900;3;;;;;;;;;;;;;;;;;;;;;;;;;;;;;;;;
20:30:00;900;4;;;;;;;;;;;;;;;;;;;;;;;;;;;;;;;;
20:45:00;900;1;;;;;;;;;;;;;;;;;;;;;;;;;;;;;;;;
20:45:00;900;2;;;;;;;;;;;;;;;;;;;;;;;;;;;;;;;;
20:45:00;900;3;;;;;;;;;;;;;;;;;;;;;;;;;;;;;;;;
20:45:00;900;4;;;;;;;;;;;;;;;;;;;;;;;;;;;;;;;;
21:00:00;900;1;;;;;;;;;;;;;;;;;;;;;;;;;;;;;;;;
21:00:00;900;2;;;;;;;;;;;;;;;;;;;;;;;;;;;;;;;;
21:00:00;900;3;;;;;;;;;;;;;;;;;;;;;;;;;;;;;;;;
21:00:00;900;4;;;;;;;;;;;;;;;;;;;;;;;;;;;;;;;;
21:15:00;900;1;;;;;;;;;;;;;;;;;;;;;;;;;;;;;;;;
21:15:00;900;2;;;;;;;;;;;;;;;;;;;;;;;;;;;;;;;;
21:15:00;900;3;;;;;;;;;;;;;;;;;;;;;;;;;;;;;;;;
21:15:00;900;4;;;;;;;;;;;;;;;;;;;;;;;;;;;;;;;;
21:30:00;900;1;;;;;;;;;;;;;;;;;;;;;;;;;;;;;;;;
21:30:00;900;2;;;;;;;;;;;;;;;;;;;;;;;;;;;;;;;;
21:30:00;900;3;;;;;;;;;;;;;;;;;;;;;;;;;;;;;;;;
21:30:00;900;4;;;;;;;;;;;;;;;;;;;;;;;;;;;;;;;;
21:45:00;900;1;;;;;;;;;;;;;;;;;;;;;;;;;;;;;;;;
21:45:00;900;2;;;;;;;;;;;;;;;;;;;;;;;;;;;;;;;;
21:45:00;900;3;;;;;;;;;;;;;;;;;;;;;;;;;;;;;;;;
21:45:00;900;4;;;;;;;;;;;;;;;;;;;;;;;;;;;;;;;;
22:00:00;900;1;;;;;;;;;;;;;;;;;;;;;;;;;;;;;;;;
22:00:00;900;2;;;;;;;;;;;;;;;;;;;;;;;;;;;;;;;;
22:00:00;900;3;;;;;;;;;;;;;;;;;;;;;;;;;;;;;;;;
22:00:00;900;4;;;;;;;;;;;;;;;;;;;;;;;;;;;;;;;;
22:15:00;900;1;;;;;;;;;;;;;;;;;;;;;;;;;;;;;;;;
22:15:00;900;2;;;;;;;;;;;;;;;;;;;;;;;;;;;;;;;;
22:15:00;900;3;;;;;;;;;;;;;;;;;;;;;;;;;;;;;;;;
22:15:00;900;4;;;;;;;;;;;;;;;;;;;;;;;;;;;;;;;;
22:30:00;900;1;;;;;;;;;;;;;;;;;;;;;;;;;;;;;;;;
22:30:00;900;2;;;;;;;;;;;;;;;;;;;;;;;;;;;;;;;;
22:30:00;900;3;;;;;;;;;;;;;;;;;;;;;;;;;;;;;;;;
22:30:00;900;4;;;;;;;;;;;;;;;;;;;;;;;;;;;;;;;;
22:45:00;900;1;;;;;;;;;;;;;;;;;;;;;;;;;;;;;;;;
22:45:00;900;2;;;;;;;;;;;;;;;;;;;;;;;;;;;;;;;;
22:45:00;900;3;;;;;;;;;;;;;;;;;;;;;;;;;;;;;;;;
22:45:00;900;4;;;;;;;;;;;;;;;;;;;;;;;;;;;;;;;;
23:00:00;900;1;;;;;;;;;;;;;;;;;;;;;;;;;;;;;;;;
23:00:00;900;2;;;;;;;;;;;;;;;;;;;;;;;;;;;;;;;;
23:00:00;900;3;;;;;;;;;;;;;;;;;;;;;;;;;;;;;;;;
23:00:00;900;4;;;;;;;;;;;;;;;;;;;;;;;;;;;;;;;;
23:15:00;900;1;;;;;;;;;;;;;;;;;;;;;;;;;;;;;;;;
23:15:00;900;2;;;;;;;;;;;;;;;;;;;;;;;;;;;;;;;;
23:15:00;900;3;;;;;;;;;;;;;;;;;;;;;;;;;;;;;;;;
23:15:00;900;4;;;;;;;;;;;;;;;;;;;;;;;;;;;;;;;;
23:30:00;900;1;;;;;;;;;;;;;;;;;;;;;;;;;;;;;;;;
23:30:00;900;2;;;;;;;;;;;;;;;;;;;;;;;;;;;;;;;;
23:30:00;900;3;;;;;;;;;;;;;;;;;;;;;;;;;;;;;;;;
23:30:00;900;4;;;;;;;;;;;;;;;;;;;;;;;;;;;;;;;;
23:45:00;900;1;;;;;;;;;;;;;;;;;;;;;;;;;;;;;;;;
23:45:00;900;2;;;;;;;;;;;;;;;;;;;;;;;;;;;;;;;;
23:45:00;900;3;;;;;;;;;;;;;;;;;;;;;;;;;;;;;;;;
23:45:00;900;4;;;;;;;;;;;;;;;;;;;;;;;;;;;;;;;;
24:00:00;900;1;;;;;;;;;;;;;;;;;;;;;;;;;;;;;;;;
24:00:00;900;2;;;;;;;;;;;;;;;;;;;;;;;;;;;;;;;;
24:00:00;900;3;;;;;;;;;;;;;;;;;;;;;;;;;;;;;;;;
24:00:00;900;4;;;;;;;;;;;;;;;;;;;;;;;;;;;;;;;;
