;Addr;S_OLD;S_NEW;U_DC_0;I_DC_0;P_DC_WR;U_AC_0;I_AC_0;P_AC_WR;T_WR;E_D_WR;U_DC_1;I_DC_1;P_DC_1;U_DC_2;I_DC_2;P_DC_2;U_DC_3;I_DC_3;P_DC_3;U_AC_1;I_AC_1;P_AC_1;U_AC_2;I_AC_2;P_AC_2;U_AC_3;I_AC_3;P_AC_3;COS_PHI;;;;
;;;;V;A;W;V;A;W;°C;Wh;V;A;W;V;A;W;V;A;W;V;A;W;V;A;W;V;A;W;;;;;
05:25:23;4;1;3;276.0;0.00;0;220.0;0.00;0;14;0;;;;;;;;;;;;;;;;;;;;;0;0;0.0
05:25:54;3;1;3;289.8;0.00;0;220.4;0.00;0;14;0;;;;;;;;;;;;;;;;;;;;;0;0;0.0
05:27:51;2;1;3;328.1;0.00;0;219.2;0.00;0;14;0;;;;;;;;;;;;;;;;;;;;;0;0;0.0
05:28:18;1;1;3;139.1;0.00;0;221.0;0.00;0;14;0;;;;;;;;;;;;;;;;;;;;;0;0;0.0
05:42:04;3;3;4;200.0;0.48;95;220.2;0.42;92;15;13;;;;;;;;;;;;;;;;;;;;;0;0;0.0
05:43:06;4;3;4;199.9;0.49;98;219.9;0.42;94;15;13;;;;;;;;;;;;;;;;;;;;;0;0;0.0
05:43:10;4;4;3;200.0;0.48;97;220.2;0.42;93;15;13;;;;;;;;;;;;;;;;;;;;;0;0;0.0
05:43:39;4;3;4;199.9;0.48;96;219.8;0.42;92;15;14;;;;;;;;;;;;;;;;;;;;;0;0;0.0
05:44:09;2;3;4;199.9;0.46;91;218.8;0.40;88;15;15;;;;;;;;;;;;;;;;;;;;;0;0;0.0
05:44:23;1;3;4;200.0;0.46;93;220.5;0.40;89;15;10;;;;;;;;;;;;;;;;;;;;;0;0;0.0
05:44:27;1;4;3;199.9;0.48;95;220.4;0.42;92;15;10;;;;;;;;;;;;;;;;;;;;;0;0;0.0
05:44:35;1;3;4;199.9;0.48;96;219.8;0.42;93;15;10;;;;;;;;;;;;;;;;;;;;;0;0;0.0
06:14:47;4;4;64;269.8;0.53;144;222.7;0.62;139;17;41;;;;;;;;;;;;;;;;;;;;;0;0;0.0
06:14:51;4;64;4;282.1;0.53;149;223.1;0.64;143;17;41;;;;;;;;;;;;;;;;;;;;;0;0;0.0
16:17:01;1;4;64;230.8;0.81;186;224.6;0.80;179;33;6;;;;;;;;;;;;;;;;;;;;;0;0;0.0
16:17:05;1;64;4;212.5;0.86;182;225.1;0.78;175;33;6;;;;;;;;;;;;;;;;;;;;;0;0;0.0
16:27:09;3;4;64;281.9;0.70;198;224.4;0.84;190;34;44;;;;;;;;;;;;;;;;;;;;;0;0;0.0
16:27:14;3;64;4;292.9;0.65;190;224.4;0.81;182;34;44;;;;;;;;;;;;;;;;;;;;;0;0;0.0
16:30:39;4;4;64;272.8;0.56;153;224.2;0.65;147;34;1;;;;;;;;;;;;;;;;;;;;;0;0;0.0
16:30:43;4;64;4;281.8;0.54;152;224.3;0.65;146;34;1;;;;;;;;;;;;;;;;;;;;;0;0;0.0
16:32:10;1;4;3;238.1;0.42;101;225.5;0.43;97;32;3;;;;;;;;;;;;;;;;;;;;;0;0;0.0
16:32:14;1;3;4;226.3;0.44;100;225.6;0.42;96;32;3;;;;;;;;;;;;;;;;;;;;;0;0;0.0
16:32:18;1;4;3;215.1;0.44;95;225.2;0.41;92;32;3;;;;;;;;;;;;;;;;;;;;;0;0;0.0
16:32:22;1;3;4;228.7;0.41;94;225.6;0.40;90;32;4;;;;;;;;;;;;;;;;;;;;;0;0;0.0
16:32:26;1;4;3;227.8;0.42;94;225.7;0.40;91;32;4;;;;;;;;;;;;;;;;;;;;;0;0;0.0
16:32:30;1;3;4;246.2;0.39;95;225.6;0.41;92;32;4;;;;;;;;;;;;;;;;;;;;;0;0;0.0
16:32:34;1;4;3;232.2;0.42;99;225.6;0.42;95;32;4;;;;;;;;;;;;;;;;;;;;;0;0;0.0
16:32:38;1;3;4;213.7;0.44;94;225.3;0.40;90;32;4;;;;;;;;;;;;;;;;;;;;;0;0;0.0
16:32:58;1;4;3;217.0;0.42;93;225.2;0.39;89;32;4;;;;;;;;;;;;;;;;;;;;;0;0;0.0
16:33:10;1;3;4;199.8;0.47;95;225.2;0.40;91;32;5;;;;;;;;;;;;;;;;;;;;;0;0;0.0
16:33:14;1;4;3;199.8;0.49;97;225.5;0.41;94;32;5;;;;;;;;;;;;;;;;;;;;;0;0;0.0
16:38:55;4;4;3;275.8;0.35;96;224.4;0.41;93;33;18;;;;;;;;;;;;;;;;;;;;;0;0;0.0
16:39:21;2;4;3;293.9;0.33;97;223.7;0.42;94;33;20;;;;;;;;;;;;;;;;;;;;;0;0;0.0
16:39:31;2;3;4;273.5;0.36;98;223.5;0.42;94;33;20;;;;;;;;;;;;;;;;;;;;;0;0;0.0
16:39:43;2;4;3;294.7;0.34;99;224.2;0.42;95;33;20;;;;;;;;;;;;;;;;;;;;;0;0;0.0
16:41:34;3;4;3;279.4;0.35;99;225.3;0.42;95;33;25;;;;;;;;;;;;;;;;;;;;;0;0;0.0
16:41:38;3;3;4;279.0;0.36;100;225.3;0.42;96;33;25;;;;;;;;;;;;;;;;;;;;;0;0;0.0
16:41:54;3;4;3;279.2;0.35;97;225.4;0.41;93;33;26;;;;;;;;;;;;;;;;;;;;;0;0;0.0
16:41:58;3;3;4;282.5;0.35;99;225.6;0.42;95;33;26;;;;;;;;;;;;;;;;;;;;;0;0;0.0
16:42:02;3;4;3;280.1;0.36;100;225.4;0.42;96;33;26;;;;;;;;;;;;;;;;;;;;;0;0;0.0
16:57:11;1;1;3;280.7;0.00;0;225.6;0.00;0;30;1;;;;;;;;;;;;;;;;;;;;;0;0;0.0
16:57:27;2;3;1;212.1;0.00;0;224.3;0.00;0;32;6;;;;;;;;;;;;;;;;;;;;;0;0;0.0
16:59:12;1;3;1;179.5;0.00;0;226.1;0.00;0;30;1;;;;;;;;;;;;;;;;;;;;;0;0;0.0
16:59:53;4;3;1;199.8;0.00;0;224.9;0.00;0;32;4;;;;;;;;;;;;;;;;;;;;;0;0;0.0
17:00:02;3;3;1;206.2;0.00;0;225.7;0.00;0;32;0;;;;;;;;;;;;;;;;;;;;;0;0;0.0
17:00:32;2;1;3;311.2;0.00;0;223.9;0.00;0;32;0;;;;;;;;;;;;;;;;;;;;;0;0;0.0
17:02:42;4;1;3;280.0;0.00;0;224.7;0.00;0;32;0;;;;;;;;;;;;;;;;;;;;;0;0;0.0
17:02:45;3;1;3;289.7;0.00;0;225.8;0.00;0;31;0;;;;;;;;;;;;;;;;;;;;;0;0;0.0
17:03:00;2;3;1;232.7;0.00;0;224.0;0.00;0;31;0;;;;;;;;;;;;;;;;;;;;;0;0;0.0
17:04:52;4;3;1;176.2;0.00;0;225.0;0.00;0;32;0;;;;;;;;;;;;;;;;;;;;;0;0;0.0
17:05:22;3;3;1;210.1;0.00;0;225.9;0.00;0;31;0;;;;;;;;;;;;;;;;;;;;;0;0;0.0
17:16:15;1;1;2;80.4;0.00;0;224.6;0.00;0;29;0;;;;;;;;;;;;;;;;;;;;;0;0;0.0
17:23:12;4;1;2;81.0;0.00;0;224.0;0.00;0;30;0;;;;;;;;;;;;;;;;;;;;;0;0;0.0
17:26:44;2;1;2;81.0;0.00;0;222.5;0.00;0;29;0;;;;;;;;;;;;;;;;;;;;;0;0;0.0
17:28:34;3;1;2;84.9;0.00;0;224.6;0.00;0;29;0;;;;;;;;;;;;;;;;;;;;;0;0;0.0
