00:15:00;900;1;;;;;;;;;;;;;;;;;;;;;;;;;;;;;;;;
00:15:00;900;2;;;;;;;;;;;;;;;;;;;;;;;;;;;;;;;;
00:15:00;900;3;;;;;;;;;;;;;;;;;;;;;;;;;;;;;;;;
00:15:00;900;4;;;;;;;;;;;;;;;;;;;;;;;;;;;;;;;;
00:30:00;900;1;;;;;;;;;;;;;;;;;;;;;;;;;;;;;;;;
00:30:00;900;2;;;;;;;;;;;;;;;;;;;;;;;;;;;;;;;;
00:30:00;900;3;;;;;;;;;;;;;;;;;;;;;;;;;;;;;;;;
00:30:00;900;4;;;;;;;;;;;;;;;;;;;;;;;;;;;;;;;;
00:45:00;900;1;;;;;;;;;;;;;;;;;;;;;;;;;;;;;;;;
00:45:00;900;2;;;;;;;;;;;;;;;;;;;;;;;;;;;;;;;;
00:45:00;900;3;;;;;;;;;;;;;;;;;;;;;;;;;;;;;;;;
00:45:00;900;4;;;;;;;;;;;;;;;;;;;;;;;;;;;;;;;;
01:00:00;900;1;;;;;;;;;;;;;;;;;;;;;;;;;;;;;;;;
01:00:00;900;2;;;;;;;;;;;;;;;;;;;;;;;;;;;;;;;;
01:00:00;900;3;;;;;;;;;;;;;;;;;;;;;;;;;;;;;;;;
01:00:00;900;4;;;;;;;;;;;;;;;;;;;;;;;;;;;;;;;;
01:15:00;900;1;;;;;;;;;;;;;;;;;;;;;;;;;;;;;;;;
01:15:00;900;2;;;;;;;;;;;;;;;;;;;;;;;;;;;;;;;;
01:15:00;900;3;;;;;;;;;;;;;;;;;;;;;;;;;;;;;;;;
01:15:00;900;4;;;;;;;;;;;;;;;;;;;;;;;;;;;;;;;;
01:30:00;900;1;;;;;;;;;;;;;;;;;;;;;;;;;;;;;;;;
01:30:00;900;2;;;;;;;;;;;;;;;;;;;;;;;;;;;;;;;;
01:30:00;900;3;;;;;;;;;;;;;;;;;;;;;;;;;;;;;;;;
01:30:00;900;4;;;;;;;;;;;;;;;;;;;;;;;;;;;;;;;;
01:45:00;900;1;;;;;;;;;;;;;;;;;;;;;;;;;;;;;;;;
01:45:00;900;2;;;;;;;;;;;;;;;;;;;;;;;;;;;;;;;;
01:45:00;900;3;;;;;;;;;;;;;;;;;;;;;;;;;;;;;;;;
01:45:00;900;4;;;;;;;;;;;;;;;;;;;;;;;;;;;;;;;;
02:00:00;900;1;;;;;;;;;;;;;;;;;;;;;;;;;;;;;;;;
02:00:00;900;2;;;;;;;;;;;;;;;;;;;;;;;;;;;;;;;;
02:00:00;900;3;;;;;;;;;;;;;;;;;;;;;;;;;;;;;;;;
02:00:00;900;4;;;;;;;;;;;;;;;;;;;;;;;;;;;;;;;;
02:15:00;900;1;;;;;;;;;;;;;;;;;;;;;;;;;;;;;;;;
02:15:00;900;2;;;;;;;;;;;;;;;;;;;;;;;;;;;;;;;;
02:15:00;900;3;;;;;;;;;;;;;;;;;;;;;;;;;;;;;;;;
02:15:00;900;4;;;;;;;;;;;;;;;;;;;;;;;;;;;;;;;;
02:30:00;900;1;;;;;;;;;;;;;;;;;;;;;;;;;;;;;;;;
02:30:00;900;2;;;;;;;;;;;;;;;;;;;;;;;;;;;;;;;;
02:30:00;900;3;;;;;;;;;;;;;;;;;;;;;;;;;;;;;;;;
02:30:00;900;4;;;;;;;;;;;;;;;;;;;;;;;;;;;;;;;;
02:45:00;900;1;;;;;;;;;;;;;;;;;;;;;;;;;;;;;;;;
02:45:00;900;2;;;;;;;;;;;;;;;;;;;;;;;;;;;;;;;;
02:45:00;900;3;;;;;;;;;;;;;;;;;;;;;;;;;;;;;;;;
02:45:00;900;4;;;;;;;;;;;;;;;;;;;;;;;;;;;;;;;;
03:00:00;900;1;;;;;;;;;;;;;;;;;;;;;;;;;;;;;;;;
03:00:00;900;2;;;;;;;;;;;;;;;;;;;;;;;;;;;;;;;;
03:00:00;900;3;;;;;;;;;;;;;;;;;;;;;;;;;;;;;;;;
03:00:00;900;4;;;;;;;;;;;;;;;;;;;;;;;;;;;;;;;;
03:15:00;900;1;;;;;;;;;;;;;;;;;;;;;;;;;;;;;;;;
03:15:00;900;2;;;;;;;;;;;;;;;;;;;;;;;;;;;;;;;;
03:15:00;900;3;;;;;;;;;;;;;;;;;;;;;;;;;;;;;;;;
03:15:00;900;4;;;;;;;;;;;;;;;;;;;;;;;;;;;;;;;;
03:30:00;900;1;;;;;;;;;;;;;;;;;;;;;;;;;;;;;;;;
03:30:00;900;2;;;;;;;;;;;;;;;;;;;;;;;;;;;;;;;;
03:30:00;900;3;;;;;;;;;;;;;;;;;;;;;;;;;;;;;;;;
03:30:00;900;4;;;;;;;;;;;;;;;;;;;;;;;;;;;;;;;;
03:45:00;900;1;;;;;;;;;;;;;;;;;;;;;;;;;;;;;;;;
03:45:00;900;2;;;;;;;;;;;;;;;;;;;;;;;;;;;;;;;;
03:45:00;900;3;;;;;;;;;;;;;;;;;;;;;;;;;;;;;;;;
03:45:00;900;4;;;;;;;;;;;;;;;;;;;;;;;;;;;;;;;;
04:00:00;900;1;;;;;;;;;;;;;;;;;;;;;;;;;;;;;;;;
04:00:00;900;2;;;;;;;;;;;;;;;;;;;;;;;;;;;;;;;;
04:00:00;900;3;;;;;;;;;;;;;;;;;;;;;;;;;;;;;;;;
04:00:00;900;4;;;;;;;;;;;;;;;;;;;;;;;;;;;;;;;;
04:15:00;900;1;;;;;;;;;;;;;;;;;;;;;;;;;;;;;;;;
04:15:00;900;2;;;;;;;;;;;;;;;;;;;;;;;;;;;;;;;;
04:15:00;900;3;;;;;;;;;;;;;;;;;;;;;;;;;;;;;;;;
04:15:00;900;4;;;;;;;;;;;;;;;;;;;;;;;;;;;;;;;;
04:30:00;900;1;;;;;;;;;;;;;;;;;;;;;;;;;;;;;;;;
04:30:00;900;2;;;;;;;;;;;;;;;;;;;;;;;;;;;;;;;;
04:30:00;900;3;;;;;;;;;;;;;;;;;;;;;;;;;;;;;;;;
04:30:00;900;4;;;;;;;;;;;;;;;;;;;;;;;;;;;;;;;;
04:45:00;900;1;;;;;;;;;;;;;;;;;;;;;;;;;;;;;;;;
04:45:00;900;2;;;;;;;;;;;;;;;;;;;;;;;;;;;;;;;;
04:45:00;900;3;;;;;;;;;;;;;;;;;;;;;;;;;;;;;;;;
04:45:00;900;4;;;;;;;;;;;;;;;;;;;;;;;;;;;;;;;;
05:00:00;900;1;;;;;;;;;;;;;;;;;;;;;;;;;;;;;;;;
05:00:00;900;2;;;;;;;;;;;;;;;;;;;;;;;;;;;;;;;;
05:00:00;900;3;;;;;;;;;;;;;;;;;;;;;;;;;;;;;;;;
05:00:00;900;4;;;;;;;;;;;;;;;;;;;;;;;;;;;;;;;;
05:15:00;900;1;;;;;;;;;;;;;;;;;;;;;;;;;;;;;;;;
05:15:00;900;2;;;;;;;;;;;;;;;;;;;;;;;;;;;;;;;;
05:15:00;900;3;;;;;;;;;;;;;;;;;;;;;;;;;;;;;;;;
05:15:00;900;4;;;;;;;;;;;;;;;;;;;;;;;;;;;;;;;;
05:30:00;900;1;;;;;;;;;;;;;;;;;;;;;;;;;;;;;;;;
05:30:00;900;2;;;;;;;;;;;;;;;;;;;;;;;;;;;;;;;;
05:30:00;900;3;;;;;;;;;;;;;;;;;;;;;;;;;;;;;;;;
05:30:00;900;4;;;;;;;;;;;;;;;;;;;;;;;;;;;;;;;;
05:45:00;900;1;;;;;;;;;;;;;;;;;;;;;;;;;;;;;;;;
05:45:00;900;2;100;182.5;0.00;0;218.5;0.00;0;16;0;;;;;;;;;;;;;;;;;;;;;0;0;0.0
05:45:00;900;3;100;195.2;0.00;0;220.2;0.00;0;16;0;;;;;;;;;;;;;;;;;;;;;0;0;0.0
05:45:00;900;4;100;151.0;0.00;0;215.5;0.00;0;15;0;;;;;;;;;;;;;;;;;;;;;0;0;0.0
06:00:00;900;1;100;226.6;0.00;0;219.1;0.00;0;16;0;;;;;;;;;;;;;;;;;;;;;0;0;0.0
06:00:00;900;2;100;287.4;0.08;21;219.0;0.09;20;16;5;;;;;;;;;;;;;;;;;;;;;0;0;0.0
06:00:00;900;3;100;258.8;0.12;27;220.5;0.12;26;16;6;;;;;;;;;;;;;;;;;;;;;0;0;0.0
06:00:00;900;4;100;245.2;0.09;20;220.2;0.09;19;16;5;;;;;;;;;;;;;;;;;;;;;0;0;0.0
06:15:00;900;1;100;241.1;0.24;56;220.5;0.24;54;16;13;;;;;;;;;;;;;;;;;;;;;0;0;0.0
06:15:00;900;2;100;261.0;0.50;135;218.3;0.59;130;17;31;;;;;;;;;;;;;;;;;;;;;0;0;0.0
06:15:00;900;3;100;257.9;0.58;153;220.0;0.67;147;17;36;;;;;;;;;;;;;;;;;;;;;0;0;0.0
06:15:00;900;4;100;252.9;0.52;136;219.5;0.59;130;17;31;;;;;;;;;;;;;;;;;;;;;0;0;0.0
06:30:00;900;1;100;228.6;0.71;163;220.3;0.71;156;17;39;;;;;;;;;;;;;;;;;;;;;0;0;0.0
06:30:00;900;2;100;300.8;0.85;255;218.4;1.12;245;18;61;;;;;;;;;;;;;;;;;;;;;0;0;0.0
06:30:00;900;3;100;284.3;0.96;272;219.6;1.19;262;18;65;;;;;;;;;;;;;;;;;;;;;0;0;0.0
06:30:00;900;4;100;285.3;0.89;254;219.3;1.11;243;18;61;;;;;;;;;;;;;;;;;;;;;0;0;0.0
06:45:00;900;1;100;239.5;0.99;237;219.9;1.03;228;18;57;;;;;;;;;;;;;;;;;;;;;0;0;0.0
06:45:00;900;2;100;303.8;1.10;333;218.3;1.46;320;19;80;;;;;;;;;;;;;;;;;;;;;0;0;0.0
06:45:00;900;3;100;285.8;1.24;354;219.4;1.55;340;19;84;;;;;;;;;;;;;;;;;;;;;0;0;0.0
06:45:00;900;4;100;288.3;1.16;335;218.9;1.47;322;19;80;;;;;;;;;;;;;;;;;;;;;0;0;0.0
07:00:00;900;1;100;241.1;1.04;250;220.6;1.09;240;19;60;;;;;;;;;;;;;;;;;;;;;0;0;0.0
07:00:00;900;2;100;302.7;1.13;342;218.9;1.50;328;20;82;;;;;;;;;;;;;;;;;;;;;0;0;0.0
07:00:00;900;3;100;285.4;1.27;364;219.9;1.59;349;20;87;;;;;;;;;;;;;;;;;;;;;0;0;0.0
07:00:00;900;4;100;286.5;1.21;346;219.6;1.51;333;20;83;;;;;;;;;;;;;;;;;;;;;0;0;0.0
07:15:00;900;1;100;240.9;1.14;274;218.6;1.20;263;20;65;;;;;;;;;;;;;;;;;;;;;0;0;0.0
07:15:00;900;2;100;301.6;1.21;366;216.7;1.62;351;21;87;;;;;;;;;;;;;;;;;;;;;0;0;0.0
07:15:00;900;3;100;284.8;1.36;388;218.0;1.71;372;21;93;;;;;;;;;;;;;;;;;;;;;0;0;0.0
07:15:00;900;4;100;287.2;1.29;371;217.6;1.64;356;21;88;;;;;;;;;;;;;;;;;;;;;0;0;0.0
07:30:00;900;1;100;247.6;1.38;343;219.2;1.50;329;21;82;;;;;;;;;;;;;;;;;;;;;0;0;0.0
07:30:00;900;2;100;305.3;1.44;439;217.0;1.94;422;22;105;;;;;;;;;;;;;;;;;;;;;0;0;0.0
07:30:00;900;3;100;287.8;1.60;460;218.5;2.02;442;22;110;;;;;;;;;;;;;;;;;;;;;0;0;0.0
07:30:00;900;4;100;290.1;1.54;447;218.1;1.96;429;22;107;;;;;;;;;;;;;;;;;;;;;0;0;0.0
07:45:00;900;1;100;251.8;1.56;394;218.8;1.73;378;22;94;;;;;;;;;;;;;;;;;;;;;0;0;0.0
07:45:00;900;2;100;307.5;1.59;490;216.7;2.17;471;23;117;;;;;;;;;;;;;;;;;;;;;0;0;0.0
07:45:00;900;3;100;290.4;1.77;513;218.2;2.26;493;23;122;;;;;;;;;;;;;;;;;;;;;0;0;0.0
07:45:00;900;4;100;293.9;1.71;501;217.8;2.21;481;23;120;;;;;;;;;;;;;;;;;;;;;0;0;0.0
08:00:00;900;1;100;260.4;2.33;609;218.9;2.67;585;22;146;;;;;;;;;;;;;;;;;;;;;0;0;0.0
08:00:00;900;2;100;307.6;2.35;726;216.6;3.21;697;24;172;;;;;;;;;;;;;;;;;;;;;0;0;0.0
08:00:00;900;3;100;291.5;2.63;766;217.7;3.38;736;24;183;;;;;;;;;;;;;;;;;;;;;0;0;0.0
08:00:00;900;4;100;298.9;2.53;759;217.9;3.34;729;24;181;;;;;;;;;;;;;;;;;;;;;0;0;0.0
08:15:00;900;1;100;272.6;5.27;1437;221.3;6.23;1380;24;344;;;;;;;;;;;;;;;;;;;;;0;0;0.0
08:15:00;900;2;100;309.2;5.24;1620;218.7;7.11;1555;26;389;;;;;;;;;;;;;;;;;;;;;0;0;0.0
08:15:00;900;3;100;289.5;5.81;1683;219.7;7.35;1615;26;402;;;;;;;;;;;;;;;;;;;;;0;0;0.0
08:15:00;900;4;100;303.6;5.62;1708;220.2;7.44;1639;26;408;;;;;;;;;;;;;;;;;;;;;0;0;0.0
08:30:00;900;1;100;263.2;3.90;1027;219.9;4.48;986;26;246;;;;;;;;;;;;;;;;;;;;;0;0;0.0
08:30:00;900;2;100;303.3;3.79;1149;217.3;5.08;1104;28;274;;;;;;;;;;;;;;;;;;;;;0;0;0.0
08:30:00;900;3;100;285.2;4.19;1197;218.2;5.26;1149;28;286;;;;;;;;;;;;;;;;;;;;;0;0;0.0
08:30:00;900;4;100;297.9;4.03;1202;218.9;5.27;1154;28;287;;;;;;;;;;;;;;;;;;;;;0;0;0.0
08:45:00;900;1;100;268.3;4.88;1308;219.8;5.71;1255;27;312;;;;;;;;;;;;;;;;;;;;;0;0;0.0
08:45:00;900;2;100;302.9;4.70;1423;216.8;6.30;1367;29;340;;;;;;;;;;;;;;;;;;;;;0;0;0.0
08:45:00;900;3;100;284.4;5.19;1476;217.8;6.51;1418;29;354;;;;;;;;;;;;;;;;;;;;;0;0;0.0
08:45:00;900;4;100;298.7;5.00;1495;218.8;6.56;1435;29;357;;;;;;;;;;;;;;;;;;;;;0;0;0.0
09:00:00;900;1;100;265.4;5.13;1360;219.6;5.95;1306;28;324;;;;;;;;;;;;;;;;;;;;;0;0;0.0
09:00:00;900;2;100;300.9;4.86;1463;216.5;6.49;1404;30;350;;;;;;;;;;;;;;;;;;;;;0;0;0.0
09:00:00;900;3;100;282.1;5.40;1524;217.4;6.73;1463;30;364;;;;;;;;;;;;;;;;;;;;;0;0;0.0
09:00:00;900;4;100;296.2;5.20;1541;218.5;6.77;1480;31;368;;;;;;;;;;;;;;;;;;;;;0;0;0.0
09:15:00;900;1;100;267.6;8.16;2188;221.6;9.45;2100;30;521;;;;;;;;;;;;;;;;;;;;;0;0;0.0
09:15:00;900;2;100;294.6;7.67;2250;218.5;9.86;2160;32;537;;;;;;;;;;;;;;;;;;;;;0;0;0.0
09:15:00;900;3;100;277.6;8.45;2337;219.3;10.21;2244;32;558;;;;;;;;;;;;;;;;;;;;;0;0;0.0
09:15:00;900;4;100;295.2;8.13;2402;220.6;10.43;2306;33;575;;;;;;;;;;;;;;;;;;;;;0;0;0.0
09:30:00;900;1;100;270.7;13.07;3541;223.6;15.18;3400;34;847;;;;;;;;;;;;;;;;;;;;;0;0;0.0
09:30:00;900;2;100;279.4;12.33;3424;219.9;14.93;3288;36;817;;;;;;;;;;;;;;;;;;;;;0;0;0.0
09:30:00;900;3;100;265.4;13.34;3524;220.9;15.30;3383;36;841;;;;;;;;;;;;;;;;;;;;;0;0;0.0
09:30:00;900;4;100;294.4;12.14;3583;222.6;15.43;3440;37;855;;;;;;;;;;;;;;;;;;;;;0;0;0.0
09:45:00;900;1;100;273.8;14.17;3883;224.2;16.62;3728;40;930;;;;;;;;;;;;;;;;;;;;;0;0;0.0
09:45:00;900;2;100;270.2;13.86;3740;220.3;16.29;3591;41;897;;;;;;;;;;;;;;;;;;;;;0;0;0.0
09:45:00;900;3;100;261.2;14.61;3819;221.1;16.58;3667;41;912;;;;;;;;;;;;;;;;;;;;;0;0;0.0
09:45:00;900;4;100;291.2;13.40;3908;223.1;16.81;3752;42;934;;;;;;;;;;;;;;;;;;;;;0;0;0.0
10:00:00;900;1;100;263.5;11.82;3128;222.3;13.49;3003;43;750;;;;;;;;;;;;;;;;;;;;;0;0;0.0
10:00:00;900;2;100;273.5;10.96;2989;218.8;13.10;2870;44;713;;;;;;;;;;;;;;;;;;;;;0;0;0.0
10:00:00;900;3;100;260.0;11.82;3071;219.7;13.40;2948;44;734;;;;;;;;;;;;;;;;;;;;;0;0;0.0
10:00:00;900;4;100;284.4;11.18;3188;221.2;13.82;3061;46;761;;;;;;;;;;;;;;;;;;;;;0;0;0.0
10:15:00;900;1;100;259.7;8.07;2096;221.0;9.09;2013;43;499;;;;;;;;;;;;;;;;;;;;;0;0;0.0
10:15:00;900;2;100;283.8;7.50;2118;218.0;9.31;2033;44;506;;;;;;;;;;;;;;;;;;;;;0;0;0.0
10:15:00;900;3;100;268.0;8.21;2195;219.0;9.61;2107;44;527;;;;;;;;;;;;;;;;;;;;;0;0;0.0
10:15:00;900;4;100;287.0;8.00;2294;220.0;9.99;2202;46;548;;;;;;;;;;;;;;;;;;;;;0;0;0.0
10:30:00;900;1;100;263.0;8.02;2106;220.5;9.15;2022;43;503;;;;;;;;;;;;;;;;;;;;;0;0;0.0
10:30:00;900;2;100;292.7;7.35;2150;217.7;9.47;2064;44;514;;;;;;;;;;;;;;;;;;;;;0;0;0.0
10:30:00;900;3;100;275.3;8.12;2232;218.4;9.80;2143;44;533;;;;;;;;;;;;;;;;;;;;;0;0;0.0
10:30:00;900;4;100;293.4;7.80;2293;219.5;10.01;2201;46;549;;;;;;;;;;;;;;;;;;;;;0;0;0.0
10:45:00;900;1;100;267.4;7.33;1960;220.5;8.53;1881;43;468;;;;;;;;;;;;;;;;;;;;;0;0;0.0
10:45:00;900;2;100;295.9;6.83;2022;217.4;8.93;1941;44;482;;;;;;;;;;;;;;;;;;;;;0;0;0.0
10:45:00;900;3;100;277.8;7.56;2101;218.4;9.23;2017;44;501;;;;;;;;;;;;;;;;;;;;;0;0;0.0
10:45:00;900;4;100;294.9;7.29;2151;219.5;9.41;2065;46;515;;;;;;;;;;;;;;;;;;;;;0;0;0.0
11:00:00;900;1;100;267.7;6.51;1742;219.7;7.61;1673;42;417;;;;;;;;;;;;;;;;;;;;;0;0;0.0
11:00:00;900;2;100;297.2;6.06;1801;216.9;7.97;1729;44;431;;;;;;;;;;;;;;;;;;;;;0;0;0.0
11:00:00;900;3;100;279.8;6.68;1870;218.0;8.23;1795;44;448;;;;;;;;;;;;;;;;;;;;;0;0;0.0
11:00:00;900;4;100;295.1;6.46;1905;218.7;8.36;1829;46;456;;;;;;;;;;;;;;;;;;;;;0;0;0.0
11:15:00;900;1;100;268.6;7.96;2141;221.0;9.30;2055;42;512;;;;;;;;;;;;;;;;;;;;;0;0;0.0
11:15:00;900;2;100;294.7;7.40;2181;218.0;9.60;2094;43;521;;;;;;;;;;;;;;;;;;;;;0;0;0.0
11:15:00;900;3;100;277.3;8.15;2259;218.6;9.92;2169;43;539;;;;;;;;;;;;;;;;;;;;;0;0;0.0
11:15:00;900;4;100;293.6;7.89;2317;220.0;10.11;2225;45;553;;;;;;;;;;;;;;;;;;;;;0;0;0.0
11:30:00;900;1;100;265.4;5.71;1514;220.0;6.61;1454;42;363;;;;;;;;;;;;;;;;;;;;;0;0;0.0
11:30:00;900;2;100;296.7;5.35;1586;217.4;7.00;1522;43;379;;;;;;;;;;;;;;;;;;;;;0;0;0.0
11:30:00;900;3;100;278.4;5.92;1647;218.1;7.25;1581;43;394;;;;;;;;;;;;;;;;;;;;;0;0;0.0
11:30:00;900;4;100;293.6;5.69;1671;218.9;7.33;1604;45;399;;;;;;;;;;;;;;;;;;;;;0;0;0.0
11:45:00;900;1;100;269.6;8.70;2346;221.9;10.14;2252;41;559;;;;;;;;;;;;;;;;;;;;;0;0;0.0
11:45:00;900;2;100;295.8;8.04;2375;218.8;10.42;2280;43;568;;;;;;;;;;;;;;;;;;;;;0;0;0.0
11:45:00;900;3;100;278.7;8.80;2452;219.9;10.70;2354;43;587;;;;;;;;;;;;;;;;;;;;;0;0;0.0
11:45:00;900;4;100;295.6;8.52;2518;220.9;10.94;2417;44;601;;;;;;;;;;;;;;;;;;;;;0;0;0.0
12:00:00;900;1;100;267.6;9.22;2468;222.4;10.65;2369;41;590;;;;;;;;;;;;;;;;;;;;;0;0;0.0
12:00:00;900;2;100;291.5;8.51;2480;219.3;10.85;2380;43;594;;;;;;;;;;;;;;;;;;;;;0;0;0.0
12:00:00;900;3;100;274.7;9.35;2568;220.2;11.19;2465;43;612;;;;;;;;;;;;;;;;;;;;;0;0;0.0
12:00:00;900;4;100;292.7;9.06;2651;221.4;11.50;2545;44;634;;;;;;;;;;;;;;;;;;;;;0;0;0.0
12:15:00;900;1;100;266.0;7.66;2039;222.9;8.78;1957;41;487;;;;;;;;;;;;;;;;;;;;;0;0;0.0
12:15:00;900;2;100;293.1;7.10;2080;220.0;9.08;1997;43;494;;;;;;;;;;;;;;;;;;;;;0;0;0.0
12:15:00;900;3;100;275.9;7.80;2153;221.2;9.34;2067;43;514;;;;;;;;;;;;;;;;;;;;;0;0;0.0
12:15:00;900;4;100;292.6;7.53;2204;221.9;9.53;2115;44;527;;;;;;;;;;;;;;;;;;;;;0;0;0.0
12:30:00;900;1;100;267.9;8.87;2376;223.8;10.19;2281;41;567;;;;;;;;;;;;;;;;;;;;;0;0;0.0
12:30:00;900;2;100;291.7;8.22;2398;220.6;10.43;2302;43;574;;;;;;;;;;;;;;;;;;;;;0;0;0.0
12:30:00;900;3;100;275.3;9.01;2478;221.8;10.72;2379;43;593;;;;;;;;;;;;;;;;;;;;;0;0;0.0
12:30:00;900;4;100;292.5;8.72;2551;222.8;10.99;2449;44;610;;;;;;;;;;;;;;;;;;;;;0;0;0.0
12:45:00;900;1;100;294.6;12.54;3715;227.2;15.67;3567;43;890;;;;;;;;;;;;;;;;;;;;;0;0;0.0
12:45:00;900;2;100;292.4;12.58;3687;223.7;15.80;3539;45;878;;;;;;;;;;;;;;;;;;;;;0;0;0.0
12:45:00;900;3;100;280.2;13.30;3741;224.8;15.96;3592;45;892;;;;;;;;;;;;;;;;;;;;;0;0;0.0
12:45:00;900;4;100;303.4;12.46;3798;226.1;16.11;3646;46;905;;;;;;;;;;;;;;;;;;;;;0;0;0.0
13:00:00;900;1;100;296.8;12.99;3883;228.4;16.31;3728;47;927;;;;;;;;;;;;;;;;;;;;;0;0;0.0
13:00:00;900;2;100;283.2;13.59;3861;224.7;16.48;3706;49;923;;;;;;;;;;;;;;;;;;;;;0;0;0.0
13:00:00;900;3;100;272.4;14.26;3898;225.6;16.57;3742;49;932;;;;;;;;;;;;;;;;;;;;;0;0;0.0
13:00:00;900;4;100;299.7;13.08;3937;227.2;16.62;3779;50;942;;;;;;;;;;;;;;;;;;;;;0;0;0.0
Info;Time
13:15:00;667;1;100;261.3;7.42;1940;225.4;8.25;1862;49;297;;;;;;;;;;;;;;;;;;;;;0;0;0.0
13:15:00;667;2;100;286.7;6.88;1966;222.1;8.49;1887;48;298;;;;;;;;;;;;;;;;;;;;;0;0;0.0
13:15:00;667;3;100;270.9;7.57;2044;223.6;8.77;1963;48;310;;;;;;;;;;;;;;;;;;;;;0;0;0.0
13:15:00;667;4;100;288.0;7.31;2104;224.4;8.99;2020;48;319;;;;;;;;;;;;;;;;;;;;;0;0;0.0
13:30:00;900;1;100;266.3;6.02;1604;225.2;6.83;1540;47;383;;;;;;;;;;;;;;;;;;;;;0;0;0.0
13:30:00;900;2;100;297.6;5.61;1671;222.1;7.22;1604;45;399;;;;;;;;;;;;;;;;;;;;;0;0;0.0
13:30:00;900;3;100;280.3;6.20;1738;223.6;7.46;1669;45;416;;;;;;;;;;;;;;;;;;;;;0;0;0.0
13:30:00;900;4;100;294.8;5.98;1764;224.1;7.56;1694;46;422;;;;;;;;;;;;;;;;;;;;;0;0;0.0
13:45:00;900;1;100;269.3;8.75;2358;226.1;10.01;2264;46;561;;;;;;;;;;;;;;;;;;;;;0;0;0.0
13:45:00;900;2;100;293.9;8.11;2383;222.9;10.26;2288;45;571;;;;;;;;;;;;;;;;;;;;;0;0;0.0
13:45:00;900;3;100;277.4;8.90;2468;224.2;10.56;2369;45;588;;;;;;;;;;;;;;;;;;;;;0;0;0.0
13:45:00;900;4;100;293.7;8.66;2542;225.0;10.84;2441;46;606;;;;;;;;;;;;;;;;;;;;;0;0;0.0
14:00:00;900;1;100;268.7;8.24;2227;225.9;9.45;2138;46;534;;;;;;;;;;;;;;;;;;;;;0;0;0.0
14:00:00;900;2;100;291.6;7.71;2251;222.9;9.69;2161;45;541;;;;;;;;;;;;;;;;;;;;;0;0;0.0
14:00:00;900;3;100;276.0;8.43;2334;224.1;9.99;2241;45;560;;;;;;;;;;;;;;;;;;;;;0;0;0.0
14:00:00;900;4;100;293.1;8.12;2391;224.7;10.20;2295;46;573;;;;;;;;;;;;;;;;;;;;;0;0;0.0
14:15:00;900;1;100;265.5;6.43;1707;224.5;7.30;1639;45;408;;;;;;;;;;;;;;;;;;;;;0;0;0.0
14:15:00;900;2;100;294.6;5.97;1759;221.6;7.62;1689;45;419;;;;;;;;;;;;;;;;;;;;;0;0;0.0
14:15:00;900;3;100;277.9;6.58;1828;222.9;7.87;1755;45;438;;;;;;;;;;;;;;;;;;;;;0;0;0.0
14:15:00;900;4;100;292.4;6.37;1863;223.4;8.00;1788;46;444;;;;;;;;;;;;;;;;;;;;;0;0;0.0
14:30:00;900;1;100;273.0;9.48;2616;225.0;11.12;2511;44;623;;;;;;;;;;;;;;;;;;;;;0;0;0.0
14:30:00;900;2;100;295.1;9.04;2656;221.5;11.48;2550;45;633;;;;;;;;;;;;;;;;;;;;;0;0;0.0
14:30:00;900;3;100;280.0;9.82;2747;222.6;11.82;2637;45;654;;;;;;;;;;;;;;;;;;;;;0;0;0.0
14:30:00;900;4;100;297.0;9.45;2818;223.9;12.04;2705;46;671;;;;;;;;;;;;;;;;;;;;;0;0;0.0
14:45:00;900;1;100;266.6;11.05;2962;225.2;12.60;2844;46;709;;;;;;;;;;;;;;;;;;;;;0;0;0.0
14:45:00;900;2;100;280.1;10.34;2885;221.7;12.47;2769;47;690;;;;;;;;;;;;;;;;;;;;;0;0;0.0
14:45:00;900;3;100;267.9;11.04;2958;222.7;12.73;2840;47;707;;;;;;;;;;;;;;;;;;;;;0;0;0.0
14:45:00;900;4;100;288.2;10.51;3040;224.1;12.99;2918;48;729;;;;;;;;;;;;;;;;;;;;;0;0;0.0
15:00:00;900;1;100;264.2;6.05;1599;222.9;6.88;1535;46;382;;;;;;;;;;;;;;;;;;;;;0;0;0.0
15:00:00;900;2;100;293.7;5.70;1673;219.8;7.30;1606;47;400;;;;;;;;;;;;;;;;;;;;;0;0;0.0
15:00:00;900;3;100;276.7;6.30;1742;221.0;7.56;1672;47;417;;;;;;;;;;;;;;;;;;;;;0;0;0.0
15:00:00;900;4;100;291.8;6.09;1779;221.8;7.69;1708;48;426;;;;;;;;;;;;;;;;;;;;;0;0;0.0
15:15:00;900;1;100;267.5;7.90;2117;223.8;9.07;2032;46;507;;;;;;;;;;;;;;;;;;;;;0;0;0.0
15:15:00;900;2;100;294.8;7.38;2175;220.7;9.45;2088;47;521;;;;;;;;;;;;;;;;;;;;;0;0;0.0
15:15:00;900;3;100;278.0;8.13;2258;221.7;9.77;2168;47;539;;;;;;;;;;;;;;;;;;;;;0;0;0.0
15:15:00;900;4;100;292.6;7.90;2313;222.8;9.96;2220;48;553;;;;;;;;;;;;;;;;;;;;;0;0;0.0
15:30:00;900;1;100;261.8;4.30;1130;222.5;4.87;1085;45;271;;;;;;;;;;;;;;;;;;;;;0;0;0.0
15:30:00;900;2;100;300.5;3.97;1192;219.7;5.21;1145;46;284;;;;;;;;;;;;;;;;;;;;;0;0;0.0
15:30:00;900;3;100;281.8;4.39;1239;221.0;5.38;1189;46;296;;;;;;;;;;;;;;;;;;;;;0;0;0.0
15:30:00;900;4;100;294.0;4.19;1231;221.4;5.34;1182;47;294;;;;;;;;;;;;;;;;;;;;;0;0;0.0
15:45:00;900;1;100;269.3;7.16;1930;224.3;8.26;1853;44;460;;;;;;;;;;;;;;;;;;;;;0;0;0.0
15:45:00;900;2;100;299.0;6.73;2014;221.2;8.74;1934;45;483;;;;;;;;;;;;;;;;;;;;;0;0;0.0
15:45:00;900;3;100;282.8;7.39;2091;222.4;9.02;2007;45;501;;;;;;;;;;;;;;;;;;;;;0;0;0.0
15:45:00;900;4;100;296.6;7.05;2093;223.2;9.00;2009;46;499;;;;;;;;;;;;;;;;;;;;;0;0;0.0
16:00:00;900;1;100;266.6;6.07;1618;223.8;6.94;1554;44;387;;;;;;;;;;;;;;;;;;;;;0;0;0.0
16:00:00;900;2;100;297.1;5.74;1704;220.9;7.41;1636;45;407;;;;;;;;;;;;;;;;;;;;;0;0;0.0
16:00:00;900;3;100;280.8;6.33;1778;222.1;7.68;1707;45;426;;;;;;;;;;;;;;;;;;;;;0;0;0.0
16:00:00;900;4;100;293.6;6.02;1768;222.7;7.62;1697;46;423;;;;;;;;;;;;;;;;;;;;;0;0;0.0
16:15:00;900;1;100;265.3;5.71;1517;224.2;6.50;1457;43;362;;;;;;;;;;;;;;;;;;;;;0;0;0.0
16:15:00;900;2;100;298.7;5.34;1595;221.4;6.91;1531;45;381;;;;;;;;;;;;;;;;;;;;;0;0;0.0
16:15:00;900;3;100;282.0;5.85;1650;222.7;7.11;1584;45;393;;;;;;;;;;;;;;;;;;;;;0;0;0.0
16:15:00;900;4;100;293.8;5.52;1626;223.1;6.99;1561;46;390;;;;;;;;;;;;;;;;;;;;;0;0;0.0
16:30:00;900;1;100;247.8;2.33;590;222.3;2.54;566;42;141;;;;;;;;;;;;;;;;;;;;;0;0;0.0
16:30:00;900;2;100;292.8;2.25;665;220.1;2.89;638;44;159;;;;;;;;;;;;;;;;;;;;;0;0;0.0
16:30:00;900;3;100;276.2;2.58;717;221.4;3.10;689;44;172;;;;;;;;;;;;;;;;;;;;;0;0;0.0
16:30:00;900;4;100;284.7;2.47;714;221.3;3.09;685;45;171;;;;;;;;;;;;;;;;;;;;;0;0;0.0
16:45:00;900;1;100;235.4;1.08;254;222.2;1.10;244;40;61;;;;;;;;;;;;;;;;;;;;;0;0;0.0
16:45:00;900;2;100;292.3;1.00;293;219.8;1.28;282;42;70;;;;;;;;;;;;;;;;;;;;;0;0;0.0
16:45:00;900;3;100;277.2;1.15;319;221.3;1.38;306;42;76;;;;;;;;;;;;;;;;;;;;;0;0;0.0
16:45:00;900;4;100;278.8;1.07;299;221.1;1.30;288;43;71;;;;;;;;;;;;;;;;;;;;;0;0;0.0
17:00:00;900;1;100;247.6;1.62;404;223.2;1.74;388;39;97;;;;;;;;;;;;;;;;;;;;;0;0;0.0
17:00:00;900;2;100;299.7;1.59;479;220.7;2.08;460;40;115;;;;;;;;;;;;;;;;;;;;;0;0;0.0
17:00:00;900;3;100;283.8;1.81;514;222.1;2.22;494;40;123;;;;;;;;;;;;;;;;;;;;;0;0;0.0
17:00:00;900;4;100;288.7;1.70;493;222.1;2.13;474;41;118;;;;;;;;;;;;;;;;;;;;;0;0;0.0
17:15:00;900;1;100;240.8;1.31;316;224.0;1.35;304;37;75;;;;;;;;;;;;;;;;;;;;;0;0;0.0
17:15:00;900;2;100;297.8;1.34;400;221.7;1.73;384;39;95;;;;;;;;;;;;;;;;;;;;;0;0;0.0
17:15:00;900;3;100;280.7;1.52;427;223.0;1.84;410;39;103;;;;;;;;;;;;;;;;;;;;;0;0;0.0
17:15:00;900;4;100;284.3;1.43;407;222.9;1.75;391;40;97;;;;;;;;;;;;;;;;;;;;;0;0;0.0
17:30:00;900;1;100;232.7;0.94;221;222.7;0.95;212;36;53;;;;;;;;;;;;;;;;;;;;;0;0;0.0
17:30:00;900;2;100;293.0;1.02;300;220.5;1.31;288;38;72;;;;;;;;;;;;;;;;;;;;;0;0;0.0
17:30:00;900;3;100;277.4;1.16;323;221.8;1.40;311;38;77;;;;;;;;;;;;;;;;;;;;;0;0;0.0
17:30:00;900;4;100;278.4;1.08;303;221.6;1.31;291;39;73;;;;;;;;;;;;;;;;;;;;;0;0;0.0
17:45:00;900;1;100;211.6;0.48;104;223.3;0.45;100;35;25;;;;;;;;;;;;;;;;;;;;;0;0;0.0
17:45:00;900;2;100;274.9;0.60;168;221.0;0.73;161;37;40;;;;;;;;;;;;;;;;;;;;;0;0;0.0
17:45:00;900;3;100;270.9;0.70;191;222.8;0.82;184;37;46;;;;;;;;;;;;;;;;;;;;;0;0;0.0
17:45:00;900;4;100;262.4;0.62;167;222.3;0.72;160;37;40;;;;;;;;;;;;;;;;;;;;;0;0;0.0
18:00:00;900;1;100;221.3;0.04;8;223.5;0.03;8;34;1;;;;;;;;;;;;;;;;;;;;;0;0;0.0
18:00:00;900;2;100;241.5;0.08;16;221.3;0.07;16;36;3;;;;;;;;;;;;;;;;;;;;;0;0;0.0
18:00:00;900;3;100;215.1;0.14;30;223.2;0.13;29;36;3;;;;;;;;;;;;;;;;;;;;;0;0;0.0
18:00:00;900;4;100;208.4;0.08;17;222.5;0.07;16;36;2;;;;;;;;;;;;;;;;;;;;;0;0;0.0
18:15:00;900;1;100;121.7;0.00;0;222.0;0.00;0;33;0;;;;;;;;;;;;;;;;;;;;;0;0;0.0
18:15:00;900;2;100;242.5;0.00;0;219.7;0.00;0;34;0;;;;;;;;;;;;;;;;;;;;;0;0;0.0
18:15:00;900;3;100;242.4;0.00;0;221.7;0.00;0;34;0;;;;;;;;;;;;;;;;;;;;;0;0;0.0
18:15:00;900;4;100;209.1;0.00;0;221.0;0.00;0;35;0;;;;;;;;;;;;;;;;;;;;;0;0;0.0
18:30:00;900;1;;;;;;;;;;;;;;;;;;;;;;;;;;;;;;;;
18:30:00;900;2;100;92.1;0.00;0;219.0;0.00;0;33;0;;;;;;;;;;;;;;;;;;;;;0;0;0.0
18:30:00;900;3;100;103.5;0.00;0;221.2;0.00;0;33;0;;;;;;;;;;;;;;;;;;;;;0;0;0.0
18:30:00;900;4;100;75.3;0.00;0;220.3;0.00;0;34;0;;;;;;;;;;;;;;;;;;;;;0;0;0.0
18:45:00;900;1;;;;;;;;;;;;;;;;;;;;;;;;;;;;;;;;
18:45:00;900;2;;;;;;;;;;;;;;;;;;;;;;;;;;;;;;;;
18:45:00;900;3;;;;;;;;;;;;;;;;;;;;;;;;;;;;;;;;
18:45:00;900;4;;;;;;;;;;;;;;;;;;;;;;;;;;;;;;;;
19:00:00;900;1;;;;;;;;;;;;;;;;;;;;;;;;;;;;;;;;
19:00:00;900;2;;;;;;;;;;;;;;;;;;;;;;;;;;;;;;;;
19:00:00;900;3;;;;;;;;;;;;;;;;;;;;;;;;;;;;;;;;
19:00:00;900;4;;;;;;;;;;;;;;;;;;;;;;;;;;;;;;;;
19:15:00;900;1;;;;;;;;;;;;;;;;;;;;;;;;;;;;;;;;
19:15:00;900;2;;;;;;;;;;;;;;;;;;;;;;;;;;;;;;;;
19:15:00;900;3;;;;;;;;;;;;;;;;;;;;;;;;;;;;;;;;
19:15:00;900;4;;;;;;;;;;;;;;;;;;;;;;;;;;;;;;;;
19:30:00;900;1;;;;;;;;;;;;;;;;;;;;;;;;;;;;;;;;
19:30:00;900;2;;;;;;;;;;;;;;;;;;;;;;;;;;;;;;;;
19:30:00;900;3;;;;;;;;;;;;;;;;;;;;;;;;;;;;;;;;
19:30:00;900;4;;;;;;;;;;;;;;;;;;;;;;;;;;;;;;;;
19:45:00;900;1;;;;;;;;;;;;;;;;;;;;;;;;;;;;;;;;
19:45:00;900;2;;;;;;;;;;;;;;;;;;;;;;;;;;;;;;;;
19:45:00;900;3;;;;;;;;;;;;;;;;;;;;;;;;;;;;;;;;
19:45:00;900;4;;;;;;;;;;;;;;;;;;;;;;;;;;;;;;;;
20:00:00;900;1;;;;;;;;;;;;;;;;;;;;;;;;;;;;;;;;
20:00:00;900;2;;;;;;;;;;;;;;;;;;;;;;;;;;;;;;;;
20:00:00;900;3;;;;;;;;;;;;;;;;;;;;;;;;;;;;;;;;
20:00:00;900;4;;;;;;;;;;;;;;;;;;;;;;;;;;;;;;;;
20:15:00;900;1;;;;;;;;;;;;;;;;;;;;;;;;;;;;;;;;
20:15:00;900;2;;;;;;;;;;;;;;;;;;;;;;;;;;;;;;;;
20:15:00;900;3;;;;;;;;;;;;;;;;;;;;;;;;;;;;;;;;
20:15:00;900;4;;;;;;;;;;;;;;;;;;;;;;;;;;;;;;;;
20:30:00;900;1;;;;;;;;;;;;;;;;;;;;;;;;;;;;;;;;
20:30:00;900;2;;;;;;;;;;;;;;;;;;;;;;;;;;;;;;;;
20:30:00;900;3;;;;;;;;;;;;;;;;;;;;;;;;;;;;;;;;
20:30:00;900;4;;;;;;;;;;;;;;;;;;;;;;;;;;;;;;;;
20:45:00;900;1;;;;;;;;;;;;;;;;;;;;;;;;;;;;;;;;
20:45:00;900;2;;;;;;;;;;;;;;;;;;;;;;;;;;;;;;;;
20:45:00;900;3;;;;;;;;;;;;;;;;;;;;;;;;;;;;;;;;
20:45:00;900;4;;;;;;;;;;;;;;;;;;;;;;;;;;;;;;;;
21:00:00;900;1;;;;;;;;;;;;;;;;;;;;;;;;;;;;;;;;
21:00:00;900;2;;;;;;;;;;;;;;;;;;;;;;;;;;;;;;;;
21:00:00;900;3;;;;;;;;;;;;;;;;;;;;;;;;;;;;;;;;
21:00:00;900;4;100;3.2;0.00;0;216.9;0.00;0;23;0;;;;;;;;;;;;;;;;;;;;;0;0;0.0
21:15:00;900;1;;;;;;;;;;;;;;;;;;;;;;;;;;;;;;;;
21:15:00;900;2;;;;;;;;;;;;;;;;;;;;;;;;;;;;;;;;
21:15:00;900;3;;;;;;;;;;;;;;;;;;;;;;;;;;;;;;;;
21:15:00;900;4;;;;;;;;;;;;;;;;;;;;;;;;;;;;;;;;
21:30:00;900;1;;;;;;;;;;;;;;;;;;;;;;;;;;;;;;;;
21:30:00;900;2;;;;;;;;;;;;;;;;;;;;;;;;;;;;;;;;
21:30:00;900;3;;;;;;;;;;;;;;;;;;;;;;;;;;;;;;;;
21:30:00;900;4;100;3.5;0.00;0;215.5;0.00;0;22;0;;;;;;;;;;;;;;;;;;;;;0;0;0.0
21:45:00;900;1;;;;;;;;;;;;;;;;;;;;;;;;;;;;;;;;
21:45:00;900;2;;;;;;;;;;;;;;;;;;;;;;;;;;;;;;;;
21:45:00;900;3;;;;;;;;;;;;;;;;;;;;;;;;;;;;;;;;
21:45:00;900;4;;;;;;;;;;;;;;;;;;;;;;;;;;;;;;;;
22:00:00;900;1;;;;;;;;;;;;;;;;;;;;;;;;;;;;;;;;
22:00:00;900;2;;;;;;;;;;;;;;;;;;;;;;;;;;;;;;;;
22:00:00;900;3;;;;;;;;;;;;;;;;;;;;;;;;;;;;;;;;
22:00:00;900;4;;;;;;;;;;;;;;;;;;;;;;;;;;;;;;;;
22:15:00;900;1;;;;;;;;;;;;;;;;;;;;;;;;;;;;;;;;
22:15:00;900;2;;;;;;;;;;;;;;;;;;;;;;;;;;;;;;;;
22:15:00;900;3;;;;;;;;;;;;;;;;;;;;;;;;;;;;;;;;
22:15:00;900;4;;;;;;;;;;;;;;;;;;;;;;;;;;;;;;;;
22:30:00;900;1;;;;;;;;;;;;;;;;;;;;;;;;;;;;;;;;
22:30:00;900;2;;;;;;;;;;;;;;;;;;;;;;;;;;;;;;;;
22:30:00;900;3;;;;;;;;;;;;;;;;;;;;;;;;;;;;;;;;
22:30:00;900;4;;;;;;;;;;;;;;;;;;;;;;;;;;;;;;;;
22:45:00;900;1;;;;;;;;;;;;;;;;;;;;;;;;;;;;;;;;
22:45:00;900;2;;;;;;;;;;;;;;;;;;;;;;;;;;;;;;;;
22:45:00;900;3;;;;;;;;;;;;;;;;;;;;;;;;;;;;;;;;
22:45:00;900;4;;;;;;;;;;;;;;;;;;;;;;;;;;;;;;;;
23:00:00;900;1;;;;;;;;;;;;;;;;;;;;;;;;;;;;;;;;
23:00:00;900;2;;;;;;;;;;;;;;;;;;;;;;;;;;;;;;;;
23:00:00;900;3;;;;;;;;;;;;;;;;;;;;;;;;;;;;;;;;
23:00:00;900;4;;;;;;;;;;;;;;;;;;;;;;;;;;;;;;;;
23:15:00;900;1;;;;;;;;;;;;;;;;;;;;;;;;;;;;;;;;
23:15:00;900;2;;;;;;;;;;;;;;;;;;;;;;;;;;;;;;;;
23:15:00;900;3;;;;;;;;;;;;;;;;;;;;;;;;;;;;;;;;
23:15:00;900;4;;;;;;;;;;;;;;;;;;;;;;;;;;;;;;;;
23:30:00;900;1;;;;;;;;;;;;;;;;;;;;;;;;;;;;;;;;
23:30:00;900;2;;;;;;;;;;;;;;;;;;;;;;;;;;;;;;;;
23:30:00;900;3;;;;;;;;;;;;;;;;;;;;;;;;;;;;;;;;
23:30:00;900;4;;;;;;;;;;;;;;;;;;;;;;;;;;;;;;;;
23:45:00;900;1;;;;;;;;;;;;;;;;;;;;;;;;;;;;;;;;
23:45:00;900;2;;;;;;;;;;;;;;;;;;;;;;;;;;;;;;;;
23:45:00;900;3;;;;;;;;;;;;;;;;;;;;;;;;;;;;;;;;
23:45:00;900;4;;;;;;;;;;;;;;;;;;;;;;;;;;;;;;;;
24:00:00;900;1;;;;;;;;;;;;;;;;;;;;;;;;;;;;;;;;
24:00:00;900;2;;;;;;;;;;;;;;;;;;;;;;;;;;;;;;;;
24:00:00;900;3;;;;;;;;;;;;;;;;;;;;;;;;;;;;;;;;
24:00:00;900;4;;;;;;;;;;;;;;;;;;;;;;;;;;;;;;;;
Info;Time
17:00:00;526;1;100;252.3;1.79;452;225.4;1.92;434;34;129;;;;;;;;;;;;;;;;;;;;;0;0;0.0
17:00:00;526;2;100;302.7;1.83;556;223.5;2.39;534;36;160;;;;;;;;;;;;;;;;;;;;;0;0;0.0
17:00:00;526;3;100;285.2;2.06;587;224.5;2.51;563;35;169;;;;;;;;;;;;;;;;;;;;;0;0;0.0
17:00:00;526;4;100;292.2;1.94;567;224.4;2.42;544;36;163;;;;;;;;;;;;;;;;;;;;;0;0;0.0
Info;Time
17:15:00;207;1;100;251.0;2.06;517;226.4;2.19;496;33;16;;;;;;;;;;;;;;;;;;;;;0;0;0.0
17:15:00;207;2;100;305.0;2.25;688;224.5;2.94;660;35;21;;;;;;;;;;;;;;;;;;;;;0;0;0.0
17:15:00;207;3;100;288.0;2.48;713;225.8;3.03;685;35;21;;;;;;;;;;;;;;;;;;;;;0;0;0.0
17:15:00;207;4;100;293.6;2.35;690;225.5;2.94;662;35;20;;;;;;;;;;;;;;;;;;;;;0;0;0.0
17:30:00;900;1;100;243.4;1.42;349;226.1;1.48;335;33;84;;;;;;;;;;;;;;;;;;;;;0;0;0.0
17:30:00;900;2;100;299.3;1.61;483;224.4;2.06;464;35;116;;;;;;;;;;;;;;;;;;;;;0;0;0.0
17:30:00;900;3;100;281.1;1.79;506;225.6;2.15;486;35;122;;;;;;;;;;;;;;;;;;;;;0;0;0.0
17:30:00;900;4;100;287.7;1.67;483;225.1;2.06;464;35;116;;;;;;;;;;;;;;;;;;;;;0;0;0.0
17:45:00;900;1;100;211.2;0.46;99;225.8;0.42;95;32;24;;;;;;;;;;;;;;;;;;;;;0;0;0.0
17:45:00;900;2;100;280.7;0.63;179;223.8;0.77;172;34;43;;;;;;;;;;;;;;;;;;;;;0;0;0.0
17:45:00;900;3;100;272.5;0.73;200;225.3;0.85;192;34;47;;;;;;;;;;;;;;;;;;;;;0;0;0.0
17:45:00;900;4;100;264.3;0.65;176;224.7;0.75;169;34;42;;;;;;;;;;;;;;;;;;;;;0;0;0.0
18:00:00;900;1;100;192.9;0.01;2;224.5;0.01;2;31;0;;;;;;;;;;;;;;;;;;;;;0;0;0.0
18:00:00;900;2;100;252.4;0.05;10;222.4;0.04;10;33;2;;;;;;;;;;;;;;;;;;;;;0;0;0.0
18:00:00;900;3;100;243.1;0.07;15;224.2;0.06;15;33;3;;;;;;;;;;;;;;;;;;;;;0;0;0.0
18:00:00;900;4;100;235.4;0.05;10;223.6;0.04;9;33;2;;;;;;;;;;;;;;;;;;;;;0;0;0.0
18:15:00;900;1;100;89.7;0.00;0;223.8;0.00;0;30;0;;;;;;;;;;;;;;;;;;;;;0;0;0.0
18:15:00;900;2;100;199.0;0.00;0;221.5;0.00;0;32;0;;;;;;;;;;;;;;;;;;;;;0;0;0.0
18:15:00;900;3;100;209.0;0.00;0;223.3;0.00;0;32;0;;;;;;;;;;;;;;;;;;;;;0;0;0.0
18:15:00;900;4;100;152.5;0.00;0;222.6;0.00;0;32;0;;;;;;;;;;;;;;;;;;;;;0;0;0.0
18:30:00;900;1;;;;;;;;;;;;;;;;;;;;;;;;;;;;;;;;
18:30:00;900;2;100;74.4;0.00;0;220.6;0.00;0;31;0;;;;;;;;;;;;;;;;;;;;;0;0;0.0
18:30:00;900;3;100;87.8;0.00;0;222.6;0.00;0;31;0;;;;;;;;;;;;;;;;;;;;;0;0;0.0
18:30:00;900;4;100;51.1;0.00;0;221.9;0.00;0;31;0;;;;;;;;;;;;;;;;;;;;;0;0;0.0
18:45:00;900;1;;;;;;;;;;;;;;;;;;;;;;;;;;;;;;;;
18:45:00;900;2;;;;;;;;;;;;;;;;;;;;;;;;;;;;;;;;
18:45:00;900;3;;;;;;;;;;;;;;;;;;;;;;;;;;;;;;;;
18:45:00;900;4;;;;;;;;;;;;;;;;;;;;;;;;;;;;;;;;
19:00:00;900;1;;;;;;;;;;;;;;;;;;;;;;;;;;;;;;;;
19:00:00;900;2;;;;;;;;;;;;;;;;;;;;;;;;;;;;;;;;
19:00:00;900;3;;;;;;;;;;;;;;;;;;;;;;;;;;;;;;;;
19:00:00;900;4;;;;;;;;;;;;;;;;;;;;;;;;;;;;;;;;
19:15:00;900;1;;;;;;;;;;;;;;;;;;;;;;;;;;;;;;;;
19:15:00;900;2;;;;;;;;;;;;;;;;;;;;;;;;;;;;;;;;
19:15:00;900;3;;;;;;;;;;;;;;;;;;;;;;;;;;;;;;;;
19:15:00;900;4;;;;;;;;;;;;;;;;;;;;;;;;;;;;;;;;
19:30:00;900;1;;;;;;;;;;;;;;;;;;;;;;;;;;;;;;;;
19:30:00;900;2;;;;;;;;;;;;;;;;;;;;;;;;;;;;;;;;
19:30:00;900;3;;;;;;;;;;;;;;;;;;;;;;;;;;;;;;;;
19:30:00;900;4;;;;;;;;;;;;;;;;;;;;;;;;;;;;;;;;
19:45:00;900;1;;;;;;;;;;;;;;;;;;;;;;;;;;;;;;;;
19:45:00;900;2;;;;;;;;;;;;;;;;;;;;;;;;;;;;;;;;
19:45:00;900;3;;;;;;;;;;;;;;;;;;;;;;;;;;;;;;;;
19:45:00;900;4;;;;;;;;;;;;;;;;;;;;;;;;;;;;;;;;
20:00:00;900;1;;;;;;;;;;;;;;;;;;;;;;;;;;;;;;;;
20:00:00;900;2;;;;;;;;;;;;;;;;;;;;;;;;;;;;;;;;
20:00:00;900;3;;;;;;;;;;;;;;;;;;;;;;;;;;;;;;;;
20:00:00;900;4;;;;;;;;;;;;;;;;;;;;;;;;;;;;;;;;
20:15:00;900;1;;;;;;;;;;;;;;;;;;;;;;;;;;;;;;;;
20:15:00;900;2;;;;;;;;;;;;;;;;;;;;;;;;;;;;;;;;
20:15:00;900;3;;;;;;;;;;;;;;;;;;;;;;;;;;;;;;;;
20:15:00;900;4;;;;;;;;;;;;;;;;;;;;;;;;;;;;;;;;
20:30:00;900;1;;;;;;;;;;;;;;;;;;;;;;;;;;;;;;;;
20:30:00;900;2;;;;;;;;;;;;;;;;;;;;;;;;;;;;;;;;
20:30:00;900;3;;;;;;;;;;;;;;;;;;;;;;;;;;;;;;;;
20:30:00;900;4;;;;;;;;;;;;;;;;;;;;;;;;;;;;;;;;
20:45:00;900;1;;;;;;;;;;;;;;;;;;;;;;;;;;;;;;;;
20:45:00;900;2;;;;;;;;;;;;;;;;;;;;;;;;;;;;;;;;
20:45:00;900;3;;;;;;;;;;;;;;;;;;;;;;;;;;;;;;;;
20:45:00;900;4;;;;;;;;;;;;;;;;;;;;;;;;;;;;;;;;
21:00:00;900;1;;;;;;;;;;;;;;;;;;;;;;;;;;;;;;;;
21:00:00;900;2;;;;;;;;;;;;;;;;;;;;;;;;;;;;;;;;
21:00:00;900;3;;;;;;;;;;;;;;;;;;;;;;;;;;;;;;;;
21:00:00;900;4;;;;;;;;;;;;;;;;;;;;;;;;;;;;;;;;
21:15:00;900;1;;;;;;;;;;;;;;;;;;;;;;;;;;;;;;;;
21:15:00;900;2;;;;;;;;;;;;;;;;;;;;;;;;;;;;;;;;
21:15:00;900;3;;;;;;;;;;;;;;;;;;;;;;;;;;;;;;;;
21:15:00;900;4;;;;;;;;;;;;;;;;;;;;;;;;;;;;;;;;
21:30:00;900;1;;;;;;;;;;;;;;;;;;;;;;;;;;;;;;;;
21:30:00;900;2;;;;;;;;;;;;;;;;;;;;;;;;;;;;;;;;
21:30:00;900;3;;;;;;;;;;;;;;;;;;;;;;;;;;;;;;;;
21:30:00;900;4;;;;;;;;;;;;;;;;;;;;;;;;;;;;;;;;
21:45:00;900;1;;;;;;;;;;;;;;;;;;;;;;;;;;;;;;;;
21:45:00;900;2;;;;;;;;;;;;;;;;;;;;;;;;;;;;;;;;
21:45:00;900;3;;;;;;;;;;;;;;;;;;;;;;;;;;;;;;;;
21:45:00;900;4;;;;;;;;;;;;;;;;;;;;;;;;;;;;;;;;
22:00:00;900;1;;;;;;;;;;;;;;;;;;;;;;;;;;;;;;;;
22:00:00;900;2;;;;;;;;;;;;;;;;;;;;;;;;;;;;;;;;
22:00:00;900;3;;;;;;;;;;;;;;;;;;;;;;;;;;;;;;;;
22:00:00;900;4;;;;;;;;;;;;;;;;;;;;;;;;;;;;;;;;
22:15:00;900;1;;;;;;;;;;;;;;;;;;;;;;;;;;;;;;;;
22:15:00;900;2;;;;;;;;;;;;;;;;;;;;;;;;;;;;;;;;
22:15:00;900;3;;;;;;;;;;;;;;;;;;;;;;;;;;;;;;;;
22:15:00;900;4;;;;;;;;;;;;;;;;;;;;;;;;;;;;;;;;
22:30:00;900;1;;;;;;;;;;;;;;;;;;;;;;;;;;;;;;;;
22:30:00;900;2;;;;;;;;;;;;;;;;;;;;;;;;;;;;;;;;
22:30:00;900;3;;;;;;;;;;;;;;;;;;;;;;;;;;;;;;;;
22:30:00;900;4;;;;;;;;;;;;;;;;;;;;;;;;;;;;;;;;
22:45:00;900;1;;;;;;;;;;;;;;;;;;;;;;;;;;;;;;;;
22:45:00;900;2;;;;;;;;;;;;;;;;;;;;;;;;;;;;;;;;
22:45:00;900;3;;;;;;;;;;;;;;;;;;;;;;;;;;;;;;;;
22:45:00;900;4;;;;;;;;;;;;;;;;;;;;;;;;;;;;;;;;
23:00:00;900;1;;;;;;;;;;;;;;;;;;;;;;;;;;;;;;;;
23:00:00;900;2;;;;;;;;;;;;;;;;;;;;;;;;;;;;;;;;
23:00:00;900;3;;;;;;;;;;;;;;;;;;;;;;;;;;;;;;;;
23:00:00;900;4;;;;;;;;;;;;;;;;;;;;;;;;;;;;;;;;
23:15:00;900;1;;;;;;;;;;;;;;;;;;;;;;;;;;;;;;;;
23:15:00;900;2;;;;;;;;;;;;;;;;;;;;;;;;;;;;;;;;
23:15:00;900;3;;;;;;;;;;;;;;;;;;;;;;;;;;;;;;;;
23:15:00;900;4;;;;;;;;;;;;;;;;;;;;;;;;;;;;;;;;
23:30:00;900;1;;;;;;;;;;;;;;;;;;;;;;;;;;;;;;;;
23:30:00;900;2;;;;;;;;;;;;;;;;;;;;;;;;;;;;;;;;
23:30:00;900;3;;;;;;;;;;;;;;;;;;;;;;;;;;;;;;;;
23:30:00;900;4;;;;;;;;;;;;;;;;;;;;;;;;;;;;;;;;
23:45:00;900;1;;;;;;;;;;;;;;;;;;;;;;;;;;;;;;;;
23:45:00;900;2;;;;;;;;;;;;;;;;;;;;;;;;;;;;;;;;
23:45:00;900;3;;;;;;;;;;;;;;;;;;;;;;;;;;;;;;;;
23:45:00;900;4;;;;;;;;;;;;;;;;;;;;;;;;;;;;;;;;
24:00:00;900;1;;;;;;;;;;;;;;;;;;;;;;;;;;;;;;;;
24:00:00;900;2;;;;;;;;;;;;;;;;;;;;;;;;;;;;;;;;
24:00:00;900;3;;;;;;;;;;;;;;;;;;;;;;;;;;;;;;;;
24:00:00;900;4;;;;;;;;;;;;;;;;;;;;;;;;;;;;;;;;
