;Addr;S_OLD;S_NEW;U_DC_0;I_DC_0;P_DC_WR;U_AC_0;I_AC_0;P_AC_WR;T_WR;E_D_WR;U_DC_1;I_DC_1;P_DC_1;U_DC_2;I_DC_2;P_DC_2;U_DC_3;I_DC_3;P_DC_3;U_AC_1;I_AC_1;P_AC_1;U_AC_2;I_AC_2;P_AC_2;U_AC_3;I_AC_3;P_AC_3;COS_PHI;;;;
;;;;V;A;W;V;A;W;°C;Wh;V;A;W;V;A;W;V;A;W;V;A;W;V;A;W;V;A;W;;;;;
05:38:29;1;0;1;0.0;0.00;0;0.0;0.00;0;0;0;;;;;;;;;;;;;;;;;;;;;0;0;0.0
05:50:19;3;1;3;195.4;0.00;0;231.4;0.00;0;16;0;;;;;;;;;;;;;;;;;;;;;0;0;0.0
05:52:24;2;1;3;322.8;0.00;0;229.7;0.00;0;16;0;;;;;;;;;;;;;;;;;;;;;0;0;0.0
05:52:49;3;3;1;227.0;0.03;6;231.8;0.02;6;16;0;;;;;;;;;;;;;;;;;;;;;0;0;0.0
05:54:24;4;1;3;290.5;0.00;0;230.8;0.00;0;16;0;;;;;;;;;;;;;;;;;;;;;0;0;0.0
05:54:56;2;3;1;242.3;0.06;14;229.4;0.06;14;16;0;;;;;;;;;;;;;;;;;;;;;0;0;0.0
05:55:53;3;1;3;311.9;0.00;0;231.2;0.00;0;17;0;;;;;;;;;;;;;;;;;;;;;0;0;0.0
05:57:57;2;1;3;336.5;0.00;0;229.3;0.00;0;16;0;;;;;;;;;;;;;;;;;;;;;0;0;0.0
05:58:20;1;1;3;310.9;0.00;0;231.9;0.00;0;16;0;;;;;;;;;;;;;;;;;;;;;0;0;0.0
06:17:25;4;3;4;229.7;0.41;94;228.6;0.40;91;17;3;;;;;;;;;;;;;;;;;;;;;0;0;0.0
06:17:57;3;3;4;200.0;0.46;92;229.1;0.38;88;18;3;;;;;;;;;;;;;;;;;;;;;0;0;0.0
06:18:20;1;3;4;200.0;0.47;95;229.2;0.40;91;17;3;;;;;;;;;;;;;;;;;;;;;0;0;0.0
06:18:24;1;4;3;204.1;0.47;95;229.2;0.40;92;17;3;;;;;;;;;;;;;;;;;;;;;0;0;0.0
06:18:30;1;3;4;202.2;0.47;96;229.0;0.40;92;17;3;;;;;;;;;;;;;;;;;;;;;0;0;0.0
06:18:35;2;3;4;200.0;0.48;96;226.9;0.41;93;18;6;;;;;;;;;;;;;;;;;;;;;0;0;0.0
16:14:45;1;4;3;199.9;0.47;94;224.6;0.40;90;38;71;;;;;;;;;;;;;;;;;;;;;0;0;0.0
16:14:49;1;3;4;218.6;0.43;95;224.7;0.41;91;38;71;;;;;;;;;;;;;;;;;;;;;0;0;0.0
16:14:53;1;4;3;202.5;0.50;102;224.7;0.43;98;38;71;;;;;;;;;;;;;;;;;;;;;0;0;0.0
16:15:01;1;3;4;200.0;0.46;92;224.1;0.39;88;38;0;;;;;;;;;;;;;;;;;;;;;0;0;0.0
16:15:05;1;4;3;208.0;0.44;92;224.1;0.40;89;38;0;;;;;;;;;;;;;;;;;;;;;0;0;0.0
16:15:09;1;3;4;218.3;0.45;99;225.1;0.42;95;38;0;;;;;;;;;;;;;;;;;;;;;0;0;0.0
16:15:13;1;4;3;210.3;0.44;94;224.9;0.40;90;38;0;;;;;;;;;;;;;;;;;;;;;0;0;0.0
16:21:33;1;3;4;200.1;0.47;94;224.9;0.40;90;37;9;;;;;;;;;;;;;;;;;;;;;0;0;0.0
16:21:53;1;4;3;229.0;0.45;103;223.7;0.44;99;37;9;;;;;;;;;;;;;;;;;;;;;0;0;0.0
16:21:57;1;3;4;210.6;0.47;100;224.5;0.43;96;37;9;;;;;;;;;;;;;;;;;;;;;0;0;0.0
16:28:55;1;4;3;219.1;0.44;97;224.6;0.42;94;37;22;;;;;;;;;;;;;;;;;;;;;0;0;0.0
16:29:07;1;3;4;200.0;0.45;90;224.5;0.38;86;37;23;;;;;;;;;;;;;;;;;;;;;0;0;0.0
16:29:11;1;4;3;204.3;0.46;94;224.2;0.40;90;37;23;;;;;;;;;;;;;;;;;;;;;0;0;0.0
16:29:36;4;4;3;269.4;0.36;97;222.7;0.42;93;37;28;;;;;;;;;;;;;;;;;;;;;0;0;0.0
16:29:50;2;4;3;273.7;0.36;99;222.0;0.43;95;38;30;;;;;;;;;;;;;;;;;;;;;0;0;0.0
16:30:15;3;4;3;268.7;0.42;112;223.3;0.48;108;37;0;;;;;;;;;;;;;;;;;;;;;0;0;0.0
16:30:19;3;3;4;279.1;0.40;111;223.2;0.48;106;37;0;;;;;;;;;;;;;;;;;;;;;0;0;0.0
16:30:52;3;4;3;270.7;0.40;107;223.4;0.46;103;37;1;;;;;;;;;;;;;;;;;;;;;0;0;0.0
16:30:55;3;3;4;266.5;0.41;108;223.1;0.46;104;37;1;;;;;;;;;;;;;;;;;;;;;0;0;0.0
16:31:03;3;4;3;257.1;0.39;101;222.7;0.43;97;37;2;;;;;;;;;;;;;;;;;;;;;0;0;0.0
16:31:07;3;3;4;267.3;0.41;108;223.3;0.47;104;37;2;;;;;;;;;;;;;;;;;;;;;0;0;0.0
16:31:12;3;4;3;268.5;0.39;105;223.2;0.45;101;37;2;;;;;;;;;;;;;;;;;;;;;0;0;0.0
16:31:22;3;3;4;283.8;0.37;105;222.8;0.45;101;37;2;;;;;;;;;;;;;;;;;;;;;0;0;0.0
16:31:46;3;4;3;277.1;0.37;103;223.0;0.44;99;37;3;;;;;;;;;;;;;;;;;;;;;0;0;0.0
16:31:50;3;3;4;262.2;0.40;106;223.2;0.45;102;37;3;;;;;;;;;;;;;;;;;;;;;0;0;0.0
16:31:58;3;4;3;273.5;0.36;98;223.1;0.42;94;37;3;;;;;;;;;;;;;;;;;;;;;0;0;0.0
16:34:46;1;3;4;200.0;0.44;89;224.7;0.38;85;36;6;;;;;;;;;;;;;;;;;;;;;0;0;0.0
16:34:50;1;4;3;200.0;0.46;92;224.5;0.39;88;36;6;;;;;;;;;;;;;;;;;;;;;0;0;0.0
16:34:58;1;3;4;200.0;0.45;90;224.4;0.39;87;36;6;;;;;;;;;;;;;;;;;;;;;0;0;0.0
16:35:06;1;4;3;204.0;0.48;97;223.9;0.42;93;36;7;;;;;;;;;;;;;;;;;;;;;0;0;0.0
16:35:14;1;3;4;200.0;0.48;96;224.3;0.41;92;36;7;;;;;;;;;;;;;;;;;;;;;0;0;0.0
16:35:30;3;3;4;200.0;0.47;95;223.8;0.41;91;37;8;;;;;;;;;;;;;;;;;;;;;0;0;0.0
16:35:34;3;4;3;199.9;0.51;102;223.7;0.44;98;37;8;;;;;;;;;;;;;;;;;;;;;0;0;0.0
16:35:42;3;3;4;200.0;0.51;102;223.2;0.44;98;37;8;;;;;;;;;;;;;;;;;;;;;0;0;0.0
16:35:55;4;3;4;199.8;0.46;92;223.6;0.39;88;37;7;;;;;;;;;;;;;;;;;;;;;0;0;0.0
16:36:17;2;3;4;200.0;0.47;95;222.3;0.41;91;37;8;;;;;;;;;;;;;;;;;;;;;0;0;0.0
16:38:02;1;4;3;223.1;0.46;103;223.6;0.44;99;36;12;;;;;;;;;;;;;;;;;;;;;0;0;0.0
16:38:06;1;3;4;216.7;0.46;100;224.3;0.43;96;36;12;;;;;;;;;;;;;;;;;;;;;0;0;0.0
16:38:10;1;4;3;206.0;0.47;97;224.1;0.42;94;36;12;;;;;;;;;;;;;;;;;;;;;0;0;0.0
16:38:14;1;3;4;200.0;0.47;95;224.0;0.41;91;36;12;;;;;;;;;;;;;;;;;;;;;0;0;0.0
16:38:18;1;4;3;199.9;0.50;100;223.8;0.43;96;36;12;;;;;;;;;;;;;;;;;;;;;0;0;0.0
16:38:30;1;3;4;205.9;0.45;94;223.6;0.40;90;36;12;;;;;;;;;;;;;;;;;;;;;0;0;0.0
16:38:34;1;4;3;200.0;0.49;98;224.0;0.42;94;36;13;;;;;;;;;;;;;;;;;;;;;0;0;0.0
16:38:46;1;3;4;200.0;0.46;92;224.6;0.39;88;36;13;;;;;;;;;;;;;;;;;;;;;0;0;0.0
16:38:50;1;4;3;199.8;0.49;98;224.0;0.42;94;36;13;;;;;;;;;;;;;;;;;;;;;0;0;0.0
16:38:54;1;3;4;200.0;0.45;90;223.6;0.39;87;36;13;;;;;;;;;;;;;;;;;;;;;0;0;0.0
16:38:58;1;4;3;208.1;0.45;94;224.3;0.40;90;36;13;;;;;;;;;;;;;;;;;;;;;0;0;0.0
16:39:01;4;4;3;241.7;0.40;96;223.4;0.41;92;37;12;;;;;;;;;;;;;;;;;;;;;0;0;0.0
16:40:53;1;3;4;200.0;0.47;94;224.8;0.40;90;36;16;;;;;;;;;;;;;;;;;;;;;0;0;0.0
16:40:57;1;4;3;200.0;0.49;98;224.9;0.42;94;36;16;;;;;;;;;;;;;;;;;;;;;0;0;0.0
16:41:31;1;3;4;199.9;0.45;91;224.9;0.39;87;36;17;;;;;;;;;;;;;;;;;;;;;0;0;0.0
16:41:42;4;3;4;199.9;0.42;84;223.5;0.36;81;37;16;;;;;;;;;;;;;;;;;;;;;0;0;0.0
16:55:18;4;4;3;270.3;0.38;104;225.2;0.44;100;36;23;;;;;;;;;;;;;;;;;;;;;0;0;0.0
16:55:37;1;4;3;223.1;0.44;98;225.4;0.42;94;35;21;;;;;;;;;;;;;;;;;;;;;0;0;0.0
16:55:41;1;3;4;213.6;0.47;100;225.8;0.42;96;35;21;;;;;;;;;;;;;;;;;;;;;0;0;0.0
16:55:45;1;4;3;217.8;0.43;94;226.0;0.40;90;35;22;;;;;;;;;;;;;;;;;;;;;0;0;0.0
16:55:49;1;3;4;222.2;0.42;94;226.6;0.40;90;35;22;;;;;;;;;;;;;;;;;;;;;0;0;0.0
16:55:57;1;4;3;201.3;0.48;97;226.3;0.41;93;35;22;;;;;;;;;;;;;;;;;;;;;0;0;0.0
16:56:42;2;4;3;287.8;0.34;99;223.5;0.42;95;36;27;;;;;;;;;;;;;;;;;;;;;0;0;0.0
16:56:46;2;3;4;272.6;0.36;98;223.4;0.42;94;36;27;;;;;;;;;;;;;;;;;;;;;0;0;0.0
16:56:58;2;4;3;287.8;0.35;100;222.9;0.43;96;36;27;;;;;;;;;;;;;;;;;;;;;0;0;0.0
16:57:37;3;4;3;280.1;0.39;108;225.4;0.46;104;36;31;;;;;;;;;;;;;;;;;;;;;0;0;0.0
16:57:41;3;3;4;279.6;0.40;113;225.7;0.48;108;36;31;;;;;;;;;;;;;;;;;;;;;0;0;0.0
16:58:09;3;4;3;279.0;0.38;107;225.5;0.45;103;36;32;;;;;;;;;;;;;;;;;;;;;0;0;0.0
16:58:13;3;3;4;288.3;0.38;110;224.7;0.47;105;36;32;;;;;;;;;;;;;;;;;;;;;0;0;0.0
16:59:05;3;4;3;274.2;0.39;106;225.8;0.45;102;36;33;;;;;;;;;;;;;;;;;;;;;0;0;0.0
16:59:09;3;3;4;263.1;0.42;110;225.9;0.47;105;36;33;;;;;;;;;;;;;;;;;;;;;0;0;0.0
16:59:18;3;4;3;272.7;0.39;107;225.6;0.45;103;36;34;;;;;;;;;;;;;;;;;;;;;0;0;0.0
16:59:24;3;3;4;261.4;0.41;107;225.8;0.45;103;36;34;;;;;;;;;;;;;;;;;;;;;0;0;0.0
16:59:40;3;4;3;277.3;0.36;101;225.4;0.43;97;36;34;;;;;;;;;;;;;;;;;;;;;0;0;0.0
17:43:58;1;3;1;200.2;0.00;0;228.1;0.00;0;33;5;;;;;;;;;;;;;;;;;;;;;0;0;0.0
17:44:14;2;3;1;199.9;0.01;3;226.1;0.01;3;34;5;;;;;;;;;;;;;;;;;;;;;0;0;0.0
17:45:43;4;3;1;200.0;0.00;0;227.1;0.00;0;33;0;;;;;;;;;;;;;;;;;;;;;0;0;0.0
17:47:20;1;1;3;287.5;0.00;0;228.3;0.00;0;32;0;;;;;;;;;;;;;;;;;;;;;0;0;0.0
17:47:31;2;1;3;316.4;0.00;0;226.2;0.00;0;33;0;;;;;;;;;;;;;;;;;;;;;0;0;0.0
17:48:11;3;3;1;200.1;0.00;1;228.2;0.00;1;33;0;;;;;;;;;;;;;;;;;;;;;0;0;0.0
17:48:48;4;1;3;294.1;0.00;0;227.6;0.00;0;33;0;;;;;;;;;;;;;;;;;;;;;0;0;0.0
17:49:35;1;3;1;212.0;0.00;0;228.3;0.00;0;32;0;;;;;;;;;;;;;;;;;;;;;0;0;0.0
17:49:49;2;3;1;237.4;0.00;0;226.0;0.00;0;33;0;;;;;;;;;;;;;;;;;;;;;0;0;0.0
17:51:02;3;1;3;296.0;0.00;0;227.6;0.00;0;33;0;;;;;;;;;;;;;;;;;;;;;0;0;0.0
17:51:09;4;3;1;220.4;0.00;0;227.7;0.00;0;33;0;;;;;;;;;;;;;;;;;;;;;0;0;0.0
17:52:43;1;1;3;269.4;0.00;0;228.8;0.00;0;32;0;;;;;;;;;;;;;;;;;;;;;0;0;0.0
17:52:50;2;1;3;309.6;0.00;0;226.3;0.00;0;33;0;;;;;;;;;;;;;;;;;;;;;0;0;0.0
17:53:48;3;3;1;222.0;0.00;0;228.9;0.00;0;33;0;;;;;;;;;;;;;;;;;;;;;0;0;0.0
17:54:15;4;1;3;287.3;0.00;0;228.2;0.00;0;33;0;;;;;;;;;;;;;;;;;;;;;0;0;0.0
17:55:21;2;3;1;232.4;0.00;0;226.3;0.00;0;33;0;;;;;;;;;;;;;;;;;;;;;0;0;0.0
17:56:41;4;3;1;214.6;0.00;0;228.8;0.00;0;32;0;;;;;;;;;;;;;;;;;;;;;0;0;0.0
17:56:44;3;1;3;290.5;0.00;0;228.7;0.00;0;32;0;;;;;;;;;;;;;;;;;;;;;0;0;0.0
17:58:46;2;1;3;300.1;0.00;0;226.1;0.00;0;32;0;;;;;;;;;;;;;;;;;;;;;0;0;0.0
17:59:21;3;3;1;217.5;0.00;0;228.5;0.00;0;32;0;;;;;;;;;;;;;;;;;;;;;0;0;0.0
17:59:43;4;1;3;276.1;0.00;0;228.6;0.00;0;32;0;;;;;;;;;;;;;;;;;;;;;0;0;0.0
18:00:56;2;3;1;204.2;0.00;0;227.4;0.00;0;32;0;;;;;;;;;;;;;;;;;;;;;0;0;0.0
18:01:21;4;3;1;200.1;0.00;0;228.9;0.00;0;32;0;;;;;;;;;;;;;;;;;;;;;0;0;0.0
18:02:13;3;1;3;282.7;0.00;0;228.9;0.00;0;32;0;;;;;;;;;;;;;;;;;;;;;0;0;0.0
18:03:04;3;3;1;177.4;0.00;0;229.2;0.00;0;32;0;;;;;;;;;;;;;;;;;;;;;0;0;0.0
18:04:07;2;3;1;128.6;0.00;0;227.3;0.00;0;32;0;;;;;;;;;;;;;;;;;;;;;0;0;0.0
18:15:14;1;1;2;80.1;0.00;0;228.3;0.00;0;30;0;;;;;;;;;;;;;;;;;;;;;0;0;0.0
18:20:41;4;1;2;82.2;0.00;0;227.0;0.00;0;31;0;;;;;;;;;;;;;;;;;;;;;0;0;0.0
18:23:16;2;1;2;83.2;0.00;0;225.4;0.00;0;31;0;;;;;;;;;;;;;;;;;;;;;0;0;0.0
18:24:29;3;1;2;80.7;0.00;0;227.3;0.00;0;30;0;;;;;;;;;;;;;;;;;;;;;0;0;0.0
