[info]
Anlage=SENA Bogota
Datum=170628
[messung]
;s;Adresse;KPC;U_DC_0;I_DC_0;P_DC_WR;U_AC_0;I_AC_0;P_AC_WR;T_WR;E_D_WR;U_DC_1;I_DC_1;P_DC_1;U_DC_2;I_DC_2;P_DC_2;U_DC_3;I_DC_3;P_DC_3;U_AC_1;I_AC_1;P_AC_1;U_AC_2;I_AC_2;P_AC_2;U_AC_3;I_AC_3;P_AC_3;COS_PHI;;;;
;s;;%;V;A;W;V;A;W;°C;Wh;V;A;W;V;A;W;V;A;W;V;A;W;V;A;W;V;A;W;;;;;
[Start]
00:15:00;900;1;;;;;;;;;;;;;;;;;;;;;;;;;;;;;;;;
00:15:00;900;2;;;;;;;;;;;;;;;;;;;;;;;;;;;;;;;;
00:15:00;900;3;;;;;;;;;;;;;;;;;;;;;;;;;;;;;;;;
00:15:00;900;4;;;;;;;;;;;;;;;;;;;;;;;;;;;;;;;;
00:30:00;900;1;;;;;;;;;;;;;;;;;;;;;;;;;;;;;;;;
00:30:00;900;2;;;;;;;;;;;;;;;;;;;;;;;;;;;;;;;;
00:30:00;900;3;;;;;;;;;;;;;;;;;;;;;;;;;;;;;;;;
00:30:00;900;4;;;;;;;;;;;;;;;;;;;;;;;;;;;;;;;;
00:45:00;900;1;;;;;;;;;;;;;;;;;;;;;;;;;;;;;;;;
00:45:00;900;2;;;;;;;;;;;;;;;;;;;;;;;;;;;;;;;;
00:45:00;900;3;;;;;;;;;;;;;;;;;;;;;;;;;;;;;;;;
00:45:00;900;4;;;;;;;;;;;;;;;;;;;;;;;;;;;;;;;;
01:00:00;900;1;;;;;;;;;;;;;;;;;;;;;;;;;;;;;;;;
01:00:00;900;2;;;;;;;;;;;;;;;;;;;;;;;;;;;;;;;;
01:00:00;900;3;;;;;;;;;;;;;;;;;;;;;;;;;;;;;;;;
01:00:00;900;4;;;;;;;;;;;;;;;;;;;;;;;;;;;;;;;;
01:15:00;900;1;;;;;;;;;;;;;;;;;;;;;;;;;;;;;;;;
01:15:00;900;2;;;;;;;;;;;;;;;;;;;;;;;;;;;;;;;;
01:15:00;900;3;;;;;;;;;;;;;;;;;;;;;;;;;;;;;;;;
01:15:00;900;4;;;;;;;;;;;;;;;;;;;;;;;;;;;;;;;;
01:30:00;900;1;;;;;;;;;;;;;;;;;;;;;;;;;;;;;;;;
01:30:00;900;2;;;;;;;;;;;;;;;;;;;;;;;;;;;;;;;;
01:30:00;900;3;;;;;;;;;;;;;;;;;;;;;;;;;;;;;;;;
01:30:00;900;4;;;;;;;;;;;;;;;;;;;;;;;;;;;;;;;;
01:45:00;900;1;;;;;;;;;;;;;;;;;;;;;;;;;;;;;;;;
01:45:00;900;2;;;;;;;;;;;;;;;;;;;;;;;;;;;;;;;;
01:45:00;900;3;;;;;;;;;;;;;;;;;;;;;;;;;;;;;;;;
01:45:00;900;4;;;;;;;;;;;;;;;;;;;;;;;;;;;;;;;;
02:00:00;900;1;;;;;;;;;;;;;;;;;;;;;;;;;;;;;;;;
02:00:00;900;2;;;;;;;;;;;;;;;;;;;;;;;;;;;;;;;;
02:00:00;900;3;;;;;;;;;;;;;;;;;;;;;;;;;;;;;;;;
02:00:00;900;4;;;;;;;;;;;;;;;;;;;;;;;;;;;;;;;;
02:15:00;900;1;;;;;;;;;;;;;;;;;;;;;;;;;;;;;;;;
02:15:00;900;2;;;;;;;;;;;;;;;;;;;;;;;;;;;;;;;;
02:15:00;900;3;;;;;;;;;;;;;;;;;;;;;;;;;;;;;;;;
02:15:00;900;4;;;;;;;;;;;;;;;;;;;;;;;;;;;;;;;;
02:30:00;900;1;;;;;;;;;;;;;;;;;;;;;;;;;;;;;;;;
02:30:00;900;2;;;;;;;;;;;;;;;;;;;;;;;;;;;;;;;;
02:30:00;900;3;;;;;;;;;;;;;;;;;;;;;;;;;;;;;;;;
02:30:00;900;4;;;;;;;;;;;;;;;;;;;;;;;;;;;;;;;;
02:45:00;900;1;;;;;;;;;;;;;;;;;;;;;;;;;;;;;;;;
02:45:00;900;2;;;;;;;;;;;;;;;;;;;;;;;;;;;;;;;;
02:45:00;900;3;;;;;;;;;;;;;;;;;;;;;;;;;;;;;;;;
02:45:00;900;4;;;;;;;;;;;;;;;;;;;;;;;;;;;;;;;;
03:00:00;900;1;;;;;;;;;;;;;;;;;;;;;;;;;;;;;;;;
03:00:00;900;2;;;;;;;;;;;;;;;;;;;;;;;;;;;;;;;;
03:00:00;900;3;;;;;;;;;;;;;;;;;;;;;;;;;;;;;;;;
03:00:00;900;4;;;;;;;;;;;;;;;;;;;;;;;;;;;;;;;;
03:15:00;900;1;;;;;;;;;;;;;;;;;;;;;;;;;;;;;;;;
03:15:00;900;2;;;;;;;;;;;;;;;;;;;;;;;;;;;;;;;;
03:15:00;900;3;;;;;;;;;;;;;;;;;;;;;;;;;;;;;;;;
03:15:00;900;4;;;;;;;;;;;;;;;;;;;;;;;;;;;;;;;;
03:30:00;900;1;;;;;;;;;;;;;;;;;;;;;;;;;;;;;;;;
03:30:00;900;2;;;;;;;;;;;;;;;;;;;;;;;;;;;;;;;;
03:30:00;900;3;;;;;;;;;;;;;;;;;;;;;;;;;;;;;;;;
03:30:00;900;4;;;;;;;;;;;;;;;;;;;;;;;;;;;;;;;;
03:45:00;900;1;;;;;;;;;;;;;;;;;;;;;;;;;;;;;;;;
03:45:00;900;2;;;;;;;;;;;;;;;;;;;;;;;;;;;;;;;;
03:45:00;900;3;;;;;;;;;;;;;;;;;;;;;;;;;;;;;;;;
03:45:00;900;4;;;;;;;;;;;;;;;;;;;;;;;;;;;;;;;;
04:00:00;900;1;;;;;;;;;;;;;;;;;;;;;;;;;;;;;;;;
04:00:00;900;2;;;;;;;;;;;;;;;;;;;;;;;;;;;;;;;;
04:00:00;900;3;;;;;;;;;;;;;;;;;;;;;;;;;;;;;;;;
04:00:00;900;4;;;;;;;;;;;;;;;;;;;;;;;;;;;;;;;;
04:15:00;900;1;;;;;;;;;;;;;;;;;;;;;;;;;;;;;;;;
04:15:00;900;2;;;;;;;;;;;;;;;;;;;;;;;;;;;;;;;;
04:15:00;900;3;;;;;;;;;;;;;;;;;;;;;;;;;;;;;;;;
04:15:00;900;4;;;;;;;;;;;;;;;;;;;;;;;;;;;;;;;;
04:30:00;900;1;;;;;;;;;;;;;;;;;;;;;;;;;;;;;;;;
04:30:00;900;2;;;;;;;;;;;;;;;;;;;;;;;;;;;;;;;;
04:30:00;900;3;;;;;;;;;;;;;;;;;;;;;;;;;;;;;;;;
04:30:00;900;4;;;;;;;;;;;;;;;;;;;;;;;;;;;;;;;;
04:45:00;900;1;;;;;;;;;;;;;;;;;;;;;;;;;;;;;;;;
04:45:00;900;2;;;;;;;;;;;;;;;;;;;;;;;;;;;;;;;;
04:45:00;900;3;;;;;;;;;;;;;;;;;;;;;;;;;;;;;;;;
04:45:00;900;4;;;;;;;;;;;;;;;;;;;;;;;;;;;;;;;;
05:00:00;900;1;;;;;;;;;;;;;;;;;;;;;;;;;;;;;;;;
05:00:00;900;2;;;;;;;;;;;;;;;;;;;;;;;;;;;;;;;;
05:00:00;900;3;;;;;;;;;;;;;;;;;;;;;;;;;;;;;;;;
05:00:00;900;4;;;;;;;;;;;;;;;;;;;;;;;;;;;;;;;;
05:15:00;900;1;;;;;;;;;;;;;;;;;;;;;;;;;;;;;;;;
05:15:00;900;2;;;;;;;;;;;;;;;;;;;;;;;;;;;;;;;;
05:15:00;900;3;;;;;;;;;;;;;;;;;;;;;;;;;;;;;;;;
05:15:00;900;4;;;;;;;;;;;;;;;;;;;;;;;;;;;;;;;;
05:30:00;900;1;;;;;;;;;;;;;;;;;;;;;;;;;;;;;;;;
05:30:00;900;2;;;;;;;;;;;;;;;;;;;;;;;;;;;;;;;;
05:30:00;900;3;;;;;;;;;;;;;;;;;;;;;;;;;;;;;;;;
05:30:00;900;4;;;;;;;;;;;;;;;;;;;;;;;;;;;;;;;;
05:45:00;900;1;100;122.6;0.00;0;224.2;0.00;0;15;0;;;;;;;;;;;;;;;;;;;;;0;0;0.0
05:45:00;900;2;100;221.2;0.00;0;225.0;0.00;0;16;0;;;;;;;;;;;;;;;;;;;;;0;0;0.0
05:45:00;900;3;100;229.7;0.00;0;227.5;0.00;0;16;0;;;;;;;;;;;;;;;;;;;;;0;0;0.0
05:45:00;900;4;100;206.8;0.00;0;225.3;0.00;0;16;0;;;;;;;;;;;;;;;;;;;;;0;0;0.0
06:00:00;900;1;100;236.9;0.00;0;228.6;0.00;0;16;0;;;;;;;;;;;;;;;;;;;;;0;0;0.0
06:00:00;900;2;100;294.2;0.02;4;227.0;0.02;4;16;0;;;;;;;;;;;;;;;;;;;;;0;0;0.0
06:00:00;900;3;100;273.1;0.03;7;227.8;0.03;7;16;1;;;;;;;;;;;;;;;;;;;;;0;0;0.0
06:00:00;900;4;100;284.7;0.01;1;227.6;0.01;1;16;0;;;;;;;;;;;;;;;;;;;;;0;0;0.0
06:15:00;900;1;100;268.6;0.00;0;228.6;0.00;0;17;0;;;;;;;;;;;;;;;;;;;;;0;0;0.0
06:15:00;900;2;100;248.1;0.13;32;227.1;0.13;30;17;8;;;;;;;;;;;;;;;;;;;;;0;0;0.0
06:15:00;900;3;100;232.0;0.16;38;227.7;0.16;37;17;9;;;;;;;;;;;;;;;;;;;;;0;0;0.0
06:15:00;900;4;100;233.1;0.12;29;227.6;0.12;28;17;7;;;;;;;;;;;;;;;;;;;;;0;0;0.0
06:30:00;900;1;100;275.2;0.00;1;228.2;0.00;1;17;0;;;;;;;;;;;;;;;;;;;;;0;0;0.0
06:30:00;900;2;100;248.3;0.11;28;226.7;0.12;27;18;8;;;;;;;;;;;;;;;;;;;;;0;0;0.0
06:30:00;900;3;100;232.2;0.15;35;227.4;0.15;34;18;10;;;;;;;;;;;;;;;;;;;;;0;0;0.0
06:30:00;900;4;100;233.2;0.11;26;227.2;0.11;25;18;7;;;;;;;;;;;;;;;;;;;;;0;0;0.0
06:45:00;900;1;100;237.0;0.08;20;228.1;0.08;19;18;4;;;;;;;;;;;;;;;;;;;;;0;0;0.0
06:45:00;900;2;100;248.2;0.23;58;226.6;0.24;56;18;13;;;;;;;;;;;;;;;;;;;;;0;0;0.0
06:45:00;900;3;100;202.8;0.26;53;227.2;0.22;51;19;12;;;;;;;;;;;;;;;;;;;;;0;0;0.0
06:45:00;900;4;100;233.1;0.23;54;227.0;0.23;52;18;13;;;;;;;;;;;;;;;;;;;;;0;0;0.0
07:00:00;900;1;100;237.1;0.06;15;227.7;0.06;14;18;4;;;;;;;;;;;;;;;;;;;;;0;0;0.0
07:00:00;900;2;100;238.5;0.23;53;226.2;0.23;51;19;12;;;;;;;;;;;;;;;;;;;;;0;0;0.0
07:00:00;900;3;100;199.9;0.24;47;226.7;0.20;46;19;12;;;;;;;;;;;;;;;;;;;;;0;0;0.0
07:00:00;900;4;100;231.4;0.21;49;226.6;0.21;47;19;11;;;;;;;;;;;;;;;;;;;;;0;0;0.0
07:15:00;900;1;100;216.1;0.49;106;227.4;0.45;102;19;24;;;;;;;;;;;;;;;;;;;;;0;0;0.0
07:15:00;900;2;100;285.6;0.53;151;225.9;0.64;145;20;34;;;;;;;;;;;;;;;;;;;;;0;0;0.0
07:15:00;900;3;100;278.5;0.60;168;226.4;0.71;161;20;39;;;;;;;;;;;;;;;;;;;;;0;0;0.0
07:15:00;900;4;100;272.0;0.56;153;226.4;0.65;147;20;35;;;;;;;;;;;;;;;;;;;;;0;0;0.0
07:30:00;900;1;100;223.9;0.60;134;226.9;0.57;129;19;32;;;;;;;;;;;;;;;;;;;;;0;0;0.0
07:30:00;900;2;100;296.6;0.63;188;225.3;0.80;180;20;45;;;;;;;;;;;;;;;;;;;;;0;0;0.0
07:30:00;900;3;100;283.4;0.72;203;226.0;0.86;195;20;48;;;;;;;;;;;;;;;;;;;;;0;0;0.0
07:30:00;900;4;100;276.4;0.68;188;225.8;0.80;180;20;43;;;;;;;;;;;;;;;;;;;;;0;0;0.0
07:45:00;900;1;100;242.3;1.17;289;226.7;1.22;278;20;70;;;;;;;;;;;;;;;;;;;;;0;0;0.0
07:45:00;900;2;100;304.6;1.19;365;225.0;1.56;350;21;87;;;;;;;;;;;;;;;;;;;;;0;0;0.0
07:45:00;900;3;100;289.4;1.32;384;225.7;1.63;368;21;92;;;;;;;;;;;;;;;;;;;;;0;0;0.0
07:45:00;900;4;100;286.4;1.29;373;225.6;1.59;358;21;89;;;;;;;;;;;;;;;;;;;;;0;0;0.0
08:00:00;900;1;100;264.3;2.96;783;227.7;3.30;752;21;187;;;;;;;;;;;;;;;;;;;;;0;0;0.0
08:00:00;900;2;100;316.0;2.83;895;225.8;3.80;859;22;215;;;;;;;;;;;;;;;;;;;;;0;0;0.0
08:00:00;900;3;100;296.1;3.14;929;226.7;3.93;892;22;223;;;;;;;;;;;;;;;;;;;;;0;0;0.0
08:00:00;900;4;100;301.2;3.10;932;226.7;3.95;895;22;222;;;;;;;;;;;;;;;;;;;;;0;0;0.0
08:15:00;900;1;100;260.0;2.79;725;229.0;3.04;696;22;173;;;;;;;;;;;;;;;;;;;;;0;0;0.0
08:15:00;900;2;100;311.3;2.64;822;227.2;3.47;789;24;196;;;;;;;;;;;;;;;;;;;;;0;0;0.0
08:15:00;900;3;100;293.0;2.91;854;227.9;3.60;820;24;202;;;;;;;;;;;;;;;;;;;;;0;0;0.0
08:15:00;900;4;100;297.9;2.88;857;228.0;3.61;823;24;205;;;;;;;;;;;;;;;;;;;;;0;0;0.0
08:30:00;900;1;100;263.1;3.24;852;228.8;3.57;818;23;203;;;;;;;;;;;;;;;;;;;;;0;0;0.0
08:30:00;900;2;100;311.5;3.05;950;226.9;4.02;912;25;227;;;;;;;;;;;;;;;;;;;;;0;0;0.0
08:30:00;900;3;100;292.2;3.38;987;227.6;4.16;947;25;237;;;;;;;;;;;;;;;;;;;;;0;0;0.0
08:30:00;900;4;100;298.8;3.33;995;227.7;4.19;956;25;239;;;;;;;;;;;;;;;;;;;;;0;0;0.0
08:45:00;900;1;100;260.8;3.02;787;228.2;3.31;756;24;188;;;;;;;;;;;;;;;;;;;;;0;0;0.0
08:45:00;900;2;100;310.1;2.80;870;226.4;3.69;835;26;208;;;;;;;;;;;;;;;;;;;;;0;0;0.0
08:45:00;900;3;100;289.7;3.12;903;227.2;3.82;867;26;216;;;;;;;;;;;;;;;;;;;;;0;0;0.0
08:45:00;900;4;100;297.2;3.05;909;227.1;3.84;873;26;217;;;;;;;;;;;;;;;;;;;;;0;0;0.0
09:00:00;900;1;100;251.6;1.94;490;227.1;2.07;470;24;118;;;;;;;;;;;;;;;;;;;;;0;0;0.0
09:00:00;900;2;100;303.1;1.84;558;225.4;2.37;536;26;133;;;;;;;;;;;;;;;;;;;;;0;0;0.0
09:00:00;900;3;100;287.4;2.02;581;226.2;2.47;558;26;139;;;;;;;;;;;;;;;;;;;;;0;0;0.0
09:00:00;900;4;100;291.5;1.98;578;226.0;2.45;555;26;138;;;;;;;;;;;;;;;;;;;;;0;0;0.0
09:15:00;900;1;100;256.3;2.31;592;227.7;2.50;569;24;141;;;;;;;;;;;;;;;;;;;;;0;0;0.0
09:15:00;900;2;100;307.5;2.15;663;225.9;2.82;636;26;158;;;;;;;;;;;;;;;;;;;;;0;0;0.0
09:15:00;900;3;100;289.7;2.38;689;226.7;2.92;661;26;164;;;;;;;;;;;;;;;;;;;;;0;0;0.0
09:15:00;900;4;100;295.1;2.33;687;226.6;2.91;660;26;164;;;;;;;;;;;;;;;;;;;;;0;0;0.0
09:30:00;900;1;100;257.0;2.43;625;227.3;2.64;600;25;149;;;;;;;;;;;;;;;;;;;;;0;0;0.0
09:30:00;900;2;100;306.9;2.28;701;225.5;2.98;673;26;168;;;;;;;;;;;;;;;;;;;;;0;0;0.0
09:30:00;900;3;100;289.7;2.51;726;226.5;3.08;697;26;175;;;;;;;;;;;;;;;;;;;;;0;0;0.0
09:30:00;900;4;100;294.8;2.45;723;226.2;3.07;694;27;173;;;;;;;;;;;;;;;;;;;;;0;0;0.0
09:45:00;900;1;100;262.4;3.10;813;227.1;3.44;781;25;194;;;;;;;;;;;;;;;;;;;;;0;0;0.0
09:45:00;900;2;100;309.7;2.89;894;225.3;3.81;858;27;214;;;;;;;;;;;;;;;;;;;;;0;0;0.0
09:45:00;900;3;100;292.4;3.17;926;226.4;3.93;889;27;219;;;;;;;;;;;;;;;;;;;;;0;0;0.0
09:45:00;900;4;100;298.2;3.13;934;226.1;3.96;897;27;222;;;;;;;;;;;;;;;;;;;;;0;0;0.0
10:00:00;900;1;100;265.2;3.47;919;227.0;3.89;882;26;220;;;;;;;;;;;;;;;;;;;;;0;0;0.0
10:00:00;900;2;100;315.1;3.19;1005;225.2;4.29;965;28;240;;;;;;;;;;;;;;;;;;;;;0;0;0.0
10:00:00;900;3;100;294.4;3.51;1032;226.2;4.38;991;28;248;;;;;;;;;;;;;;;;;;;;;0;0;0.0
10:00:00;900;4;100;302.1;3.47;1049;225.9;4.46;1007;28;253;;;;;;;;;;;;;;;;;;;;;0;0;0.0
10:15:00;900;1;100;270.2;4.61;1247;227.7;5.25;1197;27;297;;;;;;;;;;;;;;;;;;;;;0;0;0.0
10:15:00;900;2;100;315.9;4.21;1327;225.6;5.65;1274;29;316;;;;;;;;;;;;;;;;;;;;;0;0;0.0
10:15:00;900;3;100;297.7;4.59;1368;226.5;5.80;1313;28;326;;;;;;;;;;;;;;;;;;;;;0;0;0.0
10:15:00;900;4;100;305.4;4.60;1405;226.6;5.95;1349;29;333;;;;;;;;;;;;;;;;;;;;;0;0;0.0
10:30:00;900;1;100;275.8;7.77;2142;229.0;8.98;2057;29;514;;;;;;;;;;;;;;;;;;;;;0;0;0.0
10:30:00;900;2;100;309.6;7.01;2171;226.5;9.20;2084;31;518;;;;;;;;;;;;;;;;;;;;;0;0;0.0
10:30:00;900;3;100;295.0;7.67;2262;227.3;9.55;2171;30;539;;;;;;;;;;;;;;;;;;;;;0;0;0.0
10:30:00;900;4;100;305.4;7.68;2347;227.9;9.88;2253;31;563;;;;;;;;;;;;;;;;;;;;;0;0;0.0
10:45:00;900;1;100;271.4;7.44;2020;228.5;8.48;1939;31;482;;;;;;;;;;;;;;;;;;;;;0;0;0.0
10:45:00;900;2;100;307.6;6.70;2063;225.9;8.77;1981;33;493;;;;;;;;;;;;;;;;;;;;;0;0;0.0
10:45:00;900;3;100;290.5;7.40;2150;226.9;9.10;2065;33;513;;;;;;;;;;;;;;;;;;;;;0;0;0.0
10:45:00;900;4;100;301.8;7.29;2202;227.3;9.29;2114;34;526;;;;;;;;;;;;;;;;;;;;;0;0;0.0
11:00:00;900;1;100;268.6;10.17;2727;229.4;11.41;2618;33;652;;;;;;;;;;;;;;;;;;;;;0;0;0.0
11:00:00;900;2;100;297.4;9.12;2702;226.5;11.45;2594;35;649;;;;;;;;;;;;;;;;;;;;;0;0;0.0
11:00:00;900;3;100;281.9;9.98;2808;227.5;11.84;2695;34;671;;;;;;;;;;;;;;;;;;;;;0;0;0.0
11:00:00;900;4;100;298.1;9.76;2910;228.3;12.23;2794;36;693;;;;;;;;;;;;;;;;;;;;;0;0;0.0
11:15:00;900;1;100;264.6;9.74;2578;229.8;10.77;2475;36;615;;;;;;;;;;;;;;;;;;;;;0;0;0.0
11:15:00;900;2;100;290.5;8.69;2520;227.0;10.66;2419;37;600;;;;;;;;;;;;;;;;;;;;;0;0;0.0
11:15:00;900;3;100;275.9;9.55;2632;228.0;11.08;2527;37;630;;;;;;;;;;;;;;;;;;;;;0;0;0.0
11:15:00;900;4;100;292.2;9.38;2741;228.7;11.50;2631;39;654;;;;;;;;;;;;;;;;;;;;;0;0;0.0
11:30:00;900;1;100;264.9;9.81;2600;231.5;10.78;2496;37;622;;;;;;;;;;;;;;;;;;;;;0;0;0.0
11:30:00;900;2;100;291.3;8.78;2557;228.8;10.72;2455;39;612;;;;;;;;;;;;;;;;;;;;;0;0;0.0
11:30:00;900;3;100;275.8;9.62;2653;229.9;11.08;2547;39;635;;;;;;;;;;;;;;;;;;;;;0;0;0.0
11:30:00;900;4;100;294.9;9.62;2839;230.5;11.82;2725;40;451;;;;;;;;;;;;;;;;;;;;;0;0;0.0
11:45:00;900;1;100;262.0;5.86;1538;229.5;6.43;1476;37;369;;;;;;;;;;;;;;;;;;;;;0;0;0.0
11:45:00;900;2;100;299.5;5.25;1572;227.5;6.63;1509;39;376;;;;;;;;;;;;;;;;;;;;;0;0;0.0
11:45:00;900;3;100;283.4;5.74;1625;228.5;6.82;1560;39;388;;;;;;;;;;;;;;;;;;;;;0;0;0.0
11:45:00;900;4;100;296.1;5.59;1656;228.4;6.96;1590;40;395;;;;;;;;;;;;;;;;;;;;;0;0;0.0
12:00:00;900;1;100;256.3;2.94;754;228.0;3.17;723;37;180;;;;;;;;;;;;;;;;;;;;;0;0;0.0
12:00:00;900;2;100;304.7;2.69;820;226.3;3.48;787;39;196;;;;;;;;;;;;;;;;;;;;;0;0;0.0
12:00:00;900;3;100;288.9;2.94;850;227.4;3.59;816;39;203;;;;;;;;;;;;;;;;;;;;;0;0;0.0
12:00:00;900;4;100;295.6;2.86;847;226.9;3.58;813;40;203;;;;;;;;;;;;;;;;;;;;;0;0;0.0
12:15:00;900;1;100;273.7;5.74;1577;229.5;6.59;1514;36;376;;;;;;;;;;;;;;;;;;;;;0;0;0.0
12:15:00;900;2;100;320.4;5.18;1661;227.3;7.01;1595;38;397;;;;;;;;;;;;;;;;;;;;;0;0;0.0
12:15:00;900;3;100;299.8;5.66;1699;228.5;7.13;1631;38;407;;;;;;;;;;;;;;;;;;;;;0;0;0.0
12:15:00;900;4;100;309.2;5.60;1734;228.4;7.28;1665;39;413;;;;;;;;;;;;;;;;;;;;;0;0;0.0
12:30:00;900;1;100;275.1;7.50;2064;230.3;8.60;1982;36;493;;;;;;;;;;;;;;;;;;;;;0;0;0.0
12:30:00;900;2;100;314.6;6.77;2131;228.0;8.97;2046;38;510;;;;;;;;;;;;;;;;;;;;;0;0;0.0
12:30:00;900;3;100;296.0;7.43;2201;229.2;9.22;2113;38;523;;;;;;;;;;;;;;;;;;;;;0;0;0.0
12:30:00;900;4;100;306.2;7.27;2226;229.2;9.32;2137;39;532;;;;;;;;;;;;;;;;;;;;;0;0;0.0
12:45:00;900;1;100;270.1;8.33;2250;230.5;9.37;2160;36;537;;;;;;;;;;;;;;;;;;;;;0;0;0.0
12:45:00;900;2;100;301.9;7.52;2267;228.2;9.54;2176;38;540;;;;;;;;;;;;;;;;;;;;;0;0;0.0
12:45:00;900;3;100;285.9;8.25;2357;229.3;9.87;2263;38;565;;;;;;;;;;;;;;;;;;;;;0;0;0.0
12:45:00;900;4;100;299.4;8.02;2401;229.4;10.04;2305;39;575;;;;;;;;;;;;;;;;;;;;;0;0;0.0
13:00:00;900;1;100;265.3;10.70;2842;231.8;11.76;2728;38;678;;;;;;;;;;;;;;;;;;;;;0;0;0.0
13:00:00;900;2;100;289.9;9.56;2771;229.1;11.61;2660;40;663;;;;;;;;;;;;;;;;;;;;;0;0;0.0
13:00:00;900;3;100;275.9;10.42;2876;230.1;11.99;2761;40;688;;;;;;;;;;;;;;;;;;;;;0;0;0.0
13:00:00;900;4;100;293.2;10.12;2970;230.7;12.36;2852;41;707;;;;;;;;;;;;;;;;;;;;;0;0;0.0
13:15:00;900;1;100;264.1;10.22;2707;231.7;11.20;2599;40;648;;;;;;;;;;;;;;;;;;;;;0;0;0.0
13:15:00;900;2;100;288.6;9.20;2651;228.9;11.11;2546;41;631;;;;;;;;;;;;;;;;;;;;;0;0;0.0
13:15:00;900;3;100;274.7;10.01;2751;230.0;11.47;2641;41;655;;;;;;;;;;;;;;;;;;;;;0;0;0.0
13:15:00;900;4;100;291.9;9.75;2848;230.6;11.84;2735;43;682;;;;;;;;;;;;;;;;;;;;;0;0;0.0
13:30:00;900;1;100;282.1;13.54;3835;233.7;15.74;3682;42;917;;;;;;;;;;;;;;;;;;;;;0;0;0.0
13:30:00;900;2;100;275.9;13.56;3722;230.5;15.49;3573;43;891;;;;;;;;;;;;;;;;;;;;;0;0;0.0
13:30:00;900;3;100;267.6;14.40;3843;231.4;15.93;3689;43;919;;;;;;;;;;;;;;;;;;;;;0;0;0.0
13:30:00;900;4;100;297.6;13.04;3889;232.5;16.04;3733;45;931;;;;;;;;;;;;;;;;;;;;;0;0;0.0
13:45:00;900;1;100;250.6;4.88;1224;229.0;5.12;1175;45;293;;;;;;;;;;;;;;;;;;;;;0;0;0.0
13:45:00;900;2;100;288.2;4.37;1248;227.1;5.27;1198;46;301;;;;;;;;;;;;;;;;;;;;;0;0;0.0
13:45:00;900;3;100;273.8;4.80;1301;228.3;5.46;1249;46;311;;;;;;;;;;;;;;;;;;;;;0;0;0.0
13:45:00;900;4;100;287.0;4.59;1312;227.9;5.51;1259;47;314;;;;;;;;;;;;;;;;;;;;;0;0;0.0
14:00:00;900;1;100;246.0;2.13;526;228.0;2.21;505;42;126;;;;;;;;;;;;;;;;;;;;;0;0;0.0
14:00:00;900;2;100;299.9;1.97;592;226.4;2.51;569;43;141;;;;;;;;;;;;;;;;;;;;;0;0;0.0
14:00:00;900;3;100;284.9;2.18;621;227.6;2.62;596;43;149;;;;;;;;;;;;;;;;;;;;;0;0;0.0
14:00:00;900;4;100;290.5;2.09;607;226.9;2.57;583;44;146;;;;;;;;;;;;;;;;;;;;;0;0;0.0
14:15:00;900;1;100;262.1;4.08;1079;229.5;4.50;1036;39;257;;;;;;;;;;;;;;;;;;;;;0;0;0.0
14:15:00;900;2;100;310.3;3.69;1145;227.6;4.82;1100;41;273;;;;;;;;;;;;;;;;;;;;;0;0;0.0
14:15:00;900;3;100;292.3;4.10;1198;228.7;5.02;1150;41;286;;;;;;;;;;;;;;;;;;;;;0;0;0.0
14:15:00;900;4;100;301.6;4.01;1212;228.4;5.08;1164;42;290;;;;;;;;;;;;;;;;;;;;;0;0;0.0
14:30:00;900;1;100;260.2;3.68;959;229.5;4.01;920;39;229;;;;;;;;;;;;;;;;;;;;;0;0;0.0
14:30:00;900;2;100;302.5;3.39;1026;227.5;4.33;985;41;245;;;;;;;;;;;;;;;;;;;;;0;0;0.0
14:30:00;900;3;100;286.5;3.71;1063;228.6;4.46;1021;40;255;;;;;;;;;;;;;;;;;;;;;0;0;0.0
14:30:00;900;4;100;296.2;3.56;1057;228.4;4.44;1015;42;252;;;;;;;;;;;;;;;;;;;;;0;0;0.0
14:45:00;900;1;100;252.2;2.26;571;228.8;2.40;549;38;137;;;;;;;;;;;;;;;;;;;;;0;0;0.0
14:45:00;900;2;100;302.6;2.13;643;227.0;2.72;618;39;154;;;;;;;;;;;;;;;;;;;;;0;0;0.0
14:45:00;900;3;100;286.8;2.35;673;228.4;2.83;646;39;161;;;;;;;;;;;;;;;;;;;;;0;0;0.0
14:45:00;900;4;100;293.1;2.24;657;227.7;2.77;631;40;157;;;;;;;;;;;;;;;;;;;;;0;0;0.0
15:00:00;900;1;100;255.4;2.19;560;229.1;2.35;538;36;134;;;;;;;;;;;;;;;;;;;;;0;0;0.0
15:00:00;900;2;100;307.2;2.08;638;227.4;2.69;613;38;152;;;;;;;;;;;;;;;;;;;;;0;0;0.0
15:00:00;900;3;100;290.6;2.30;667;228.6;2.80;641;38;159;;;;;;;;;;;;;;;;;;;;;0;0;0.0
15:00:00;900;4;100;295.5;2.21;654;228.0;2.75;628;39;156;;;;;;;;;;;;;;;;;;;;;0;0;0.0
15:15:00;900;1;100;263.2;3.09;811;229.8;3.39;779;36;194;;;;;;;;;;;;;;;;;;;;;0;0;0.0
15:15:00;900;2;100;311.3;2.83;882;227.9;3.71;847;37;211;;;;;;;;;;;;;;;;;;;;;0;0;0.0
15:15:00;900;3;100;293.5;3.13;918;229.1;3.84;881;37;219;;;;;;;;;;;;;;;;;;;;;0;0;0.0
15:15:00;900;4;100;300.3;3.03;909;228.7;3.82;873;38;217;;;;;;;;;;;;;;;;;;;;;0;0;0.0
15:30:00;900;1;100;265.9;3.99;1061;230.5;4.42;1019;35;254;;;;;;;;;;;;;;;;;;;;;0;0;0.0
15:30:00;900;2;100;309.9;3.65;1131;228.5;4.75;1086;37;271;;;;;;;;;;;;;;;;;;;;;0;0;0.0
15:30:00;900;3;100;292.0;4.01;1171;229.6;4.89;1124;37;280;;;;;;;;;;;;;;;;;;;;;0;0;0.0
15:30:00;900;4;100;300.1;3.88;1165;229.4;4.87;1119;38;279;;;;;;;;;;;;;;;;;;;;;0;0;0.0
15:45:00;900;1;100;262.2;3.59;941;230.5;3.92;903;35;224;;;;;;;;;;;;;;;;;;;;;0;0;0.0
15:45:00;900;2;100;310.2;3.26;1011;228.6;4.24;971;37;241;;;;;;;;;;;;;;;;;;;;;0;0;0.0
15:45:00;900;3;100;291.1;3.61;1050;229.8;4.38;1008;37;252;;;;;;;;;;;;;;;;;;;;;0;0;0.0
15:45:00;900;4;100;299.2;3.49;1043;229.5;4.36;1001;38;249;;;;;;;;;;;;;;;;;;;;;0;0;0.0
16:00:00;900;1;100;256.8;2.74;706;230.3;2.94;678;35;169;;;;;;;;;;;;;;;;;;;;;0;0;0.0
16:00:00;900;2;100;308.2;2.51;773;228.4;3.25;742;37;185;;;;;;;;;;;;;;;;;;;;;0;0;0.0
16:00:00;900;3;100;291.5;2.76;805;229.7;3.36;773;37;192;;;;;;;;;;;;;;;;;;;;;0;0;0.0
16:00:00;900;4;100;297.2;2.67;794;229.2;3.32;762;37;189;;;;;;;;;;;;;;;;;;;;;0;0;0.0
16:15:00;900;1;100;253.9;2.15;547;230.1;2.28;525;34;131;;;;;;;;;;;;;;;;;;;;;0;0;0.0
16:15:00;900;2;100;306.5;2.01;615;228.3;2.59;591;36;147;;;;;;;;;;;;;;;;;;;;;0;0;0.0
16:15:00;900;3;100;291.1;2.21;642;229.5;2.69;617;36;153;;;;;;;;;;;;;;;;;;;;;0;0;0.0
16:15:00;900;4;100;293.7;2.13;625;229.0;2.62;600;36;150;;;;;;;;;;;;;;;;;;;;;0;0;0.0
16:30:00;900;1;100;252.1;1.81;456;230.2;1.90;438;33;109;;;;;;;;;;;;;;;;;;;;;0;0;0.0
16:30:00;900;2;100;304.9;1.73;527;228.4;2.21;506;35;126;;;;;;;;;;;;;;;;;;;;;0;0;0.0
16:30:00;900;3;100;289.8;1.90;552;229.6;2.31;530;35;133;;;;;;;;;;;;;;;;;;;;;0;0;0.0
16:30:00;900;4;100;292.7;1.83;536;229.1;2.24;514;36;128;;;;;;;;;;;;;;;;;;;;;0;0;0.0
16:45:00;900;1;100;248.0;1.52;379;230.2;1.58;363;33;91;;;;;;;;;;;;;;;;;;;;;0;0;0.0
16:45:00;900;2;100;306.4;1.47;452;228.5;1.90;434;34;108;;;;;;;;;;;;;;;;;;;;;0;0;0.0
16:45:00;900;3;100;291.2;1.62;473;229.7;1.98;454;34;112;;;;;;;;;;;;;;;;;;;;;0;0;0.0
16:45:00;900;4;100;292.7;1.57;459;229.2;1.92;441;35;110;;;;;;;;;;;;;;;;;;;;;0;0;0.0
17:00:00;900;1;100;259.7;2.08;540;230.7;2.25;518;32;129;;;;;;;;;;;;;;;;;;;;;0;0;0.0
17:00:00;900;2;100;315.6;2.01;635;228.9;2.66;609;34;152;;;;;;;;;;;;;;;;;;;;;0;0;0.0
17:00:00;900;3;100;297.2;2.22;659;230.1;2.75;633;34;158;;;;;;;;;;;;;;;;;;;;;0;0;0.0
17:00:00;900;4;100;300.4;2.15;646;229.6;2.70;621;34;155;;;;;;;;;;;;;;;;;;;;;0;0;0.0
17:15:00;900;1;100;247.7;1.50;372;230.4;1.55;358;32;89;;;;;;;;;;;;;;;;;;;;;0;0;0.0
17:15:00;900;2;100;307.9;1.48;457;228.6;1.92;439;34;109;;;;;;;;;;;;;;;;;;;;;0;0;0.0
17:15:00;900;3;100;290.4;1.65;478;229.9;2.00;459;33;115;;;;;;;;;;;;;;;;;;;;;0;0;0.0
17:15:00;900;4;100;293.4;1.58;463;229.3;1.94;444;34;110;;;;;;;;;;;;;;;;;;;;;0;0;0.0
17:30:00;900;1;100;231.2;0.88;205;230.4;0.85;197;31;49;;;;;;;;;;;;;;;;;;;;;0;0;0.0
17:30:00;900;2;100;298.9;0.92;277;228.6;1.16;266;33;67;;;;;;;;;;;;;;;;;;;;;0;0;0.0
17:30:00;900;3;100;284.8;1.03;293;229.9;1.22;282;33;70;;;;;;;;;;;;;;;;;;;;;0;0;0.0
17:30:00;900;4;100;281.6;0.98;277;229.4;1.16;266;33;66;;;;;;;;;;;;;;;;;;;;;0;0;0.0
17:45:00;900;1;100;202.7;0.32;65;230.5;0.27;63;31;15;;;;;;;;;;;;;;;;;;;;;0;0;0.0
17:45:00;900;2;100;249.8;0.40;103;228.7;0.43;99;32;24;;;;;;;;;;;;;;;;;;;;;0;0;0.0
17:45:00;900;3;100;248.3;0.46;119;230.1;0.49;114;32;28;;;;;;;;;;;;;;;;;;;;;0;0;0.0
17:45:00;900;4;100;237.1;0.42;103;229.4;0.43;99;33;25;;;;;;;;;;;;;;;;;;;;;0;0;0.0
18:00:00;900;1;100;230.2;0.03;7;230.6;0.03;6;30;2;;;;;;;;;;;;;;;;;;;;;0;0;0.0
18:00:00;900;2;100;224.6;0.11;22;228.9;0.09;21;32;5;;;;;;;;;;;;;;;;;;;;;0;0;0.0
18:00:00;900;3;100;199.9;0.15;31;230.2;0.13;30;31;7;;;;;;;;;;;;;;;;;;;;;0;0;0.0
18:00:00;900;4;100;200.0;0.11;22;229.5;0.09;21;32;5;;;;;;;;;;;;;;;;;;;;;0;0;0.0
18:15:00;900;1;100;170.9;0.00;0;230.6;0.00;0;29;0;;;;;;;;;;;;;;;;;;;;;0;0;0.0
18:15:00;900;2;100;255.2;0.00;0;228.9;0.00;0;31;0;;;;;;;;;;;;;;;;;;;;;0;0;0.0
18:15:00;900;3;100;254.7;0.00;0;230.2;0.00;0;31;0;;;;;;;;;;;;;;;;;;;;;0;0;0.0
18:15:00;900;4;100;232.7;0.00;0;229.5;0.00;0;31;0;;;;;;;;;;;;;;;;;;;;;0;0;0.0
18:30:00;900;1;100;72.3;0.00;0;230.2;0.00;0;28;0;;;;;;;;;;;;;;;;;;;;;0;0;0.0
18:30:00;900;2;100;141.5;0.00;0;228.0;0.00;0;30;0;;;;;;;;;;;;;;;;;;;;;0;0;0.0
18:30:00;900;3;100;153.4;0.00;0;229.6;0.00;0;30;0;;;;;;;;;;;;;;;;;;;;;0;0;0.0
18:30:00;900;4;100;102.8;0.00;0;228.9;0.00;0;30;0;;;;;;;;;;;;;;;;;;;;;0;0;0.0
18:45:00;900;1;;;;;;;;;;;;;;;;;;;;;;;;;;;;;;;;
18:45:00;900;2;;;;;;;;;;;;;;;;;;;;;;;;;;;;;;;;
18:45:00;900;3;100;53.4;0.00;0;229.5;0.00;0;29;0;;;;;;;;;;;;;;;;;;;;;0;0;0.0
18:45:00;900;4;;;;;;;;;;;;;;;;;;;;;;;;;;;;;;;;
19:00:00;900;1;;;;;;;;;;;;;;;;;;;;;;;;;;;;;;;;
19:00:00;900;2;;;;;;;;;;;;;;;;;;;;;;;;;;;;;;;;
19:00:00;900;3;;;;;;;;;;;;;;;;;;;;;;;;;;;;;;;;
19:00:00;900;4;;;;;;;;;;;;;;;;;;;;;;;;;;;;;;;;
19:15:00;900;1;;;;;;;;;;;;;;;;;;;;;;;;;;;;;;;;
19:15:00;900;2;;;;;;;;;;;;;;;;;;;;;;;;;;;;;;;;
19:15:00;900;3;;;;;;;;;;;;;;;;;;;;;;;;;;;;;;;;
19:15:00;900;4;;;;;;;;;;;;;;;;;;;;;;;;;;;;;;;;
19:30:00;900;1;;;;;;;;;;;;;;;;;;;;;;;;;;;;;;;;
19:30:00;900;2;;;;;;;;;;;;;;;;;;;;;;;;;;;;;;;;
19:30:00;900;3;;;;;;;;;;;;;;;;;;;;;;;;;;;;;;;;
19:30:00;900;4;;;;;;;;;;;;;;;;;;;;;;;;;;;;;;;;
19:45:00;900;1;;;;;;;;;;;;;;;;;;;;;;;;;;;;;;;;
19:45:00;900;2;;;;;;;;;;;;;;;;;;;;;;;;;;;;;;;;
19:45:00;900;3;;;;;;;;;;;;;;;;;;;;;;;;;;;;;;;;
19:45:00;900;4;;;;;;;;;;;;;;;;;;;;;;;;;;;;;;;;
20:00:00;900;1;;;;;;;;;;;;;;;;;;;;;;;;;;;;;;;;
20:00:00;900;2;;;;;;;;;;;;;;;;;;;;;;;;;;;;;;;;
20:00:00;900;3;;;;;;;;;;;;;;;;;;;;;;;;;;;;;;;;
20:00:00;900;4;;;;;;;;;;;;;;;;;;;;;;;;;;;;;;;;
20:15:00;900;1;;;;;;;;;;;;;;;;;;;;;;;;;;;;;;;;
20:15:00;900;2;;;;;;;;;;;;;;;;;;;;;;;;;;;;;;;;
20:15:00;900;3;;;;;;;;;;;;;;;;;;;;;;;;;;;;;;;;
20:15:00;900;4;;;;;;;;;;;;;;;;;;;;;;;;;;;;;;;;
20:30:00;900;1;;;;;;;;;;;;;;;;;;;;;;;;;;;;;;;;
20:30:00;900;2;;;;;;;;;;;;;;;;;;;;;;;;;;;;;;;;
20:30:00;900;3;;;;;;;;;;;;;;;;;;;;;;;;;;;;;;;;
20:30:00;900;4;;;;;;;;;;;;;;;;;;;;;;;;;;;;;;;;
20:45:00;900;1;;;;;;;;;;;;;;;;;;;;;;;;;;;;;;;;
20:45:00;900;2;;;;;;;;;;;;;;;;;;;;;;;;;;;;;;;;
20:45:00;900;3;;;;;;;;;;;;;;;;;;;;;;;;;;;;;;;;
20:45:00;900;4;;;;;;;;;;;;;;;;;;;;;;;;;;;;;;;;
21:00:00;900;1;;;;;;;;;;;;;;;;;;;;;;;;;;;;;;;;
21:00:00;900;2;;;;;;;;;;;;;;;;;;;;;;;;;;;;;;;;
21:00:00;900;3;;;;;;;;;;;;;;;;;;;;;;;;;;;;;;;;
21:00:00;900;4;;;;;;;;;;;;;;;;;;;;;;;;;;;;;;;;
21:15:00;900;1;;;;;;;;;;;;;;;;;;;;;;;;;;;;;;;;
21:15:00;900;2;;;;;;;;;;;;;;;;;;;;;;;;;;;;;;;;
21:15:00;900;3;;;;;;;;;;;;;;;;;;;;;;;;;;;;;;;;
21:15:00;900;4;;;;;;;;;;;;;;;;;;;;;;;;;;;;;;;;
21:30:00;900;1;;;;;;;;;;;;;;;;;;;;;;;;;;;;;;;;
21:30:00;900;2;;;;;;;;;;;;;;;;;;;;;;;;;;;;;;;;
21:30:00;900;3;;;;;;;;;;;;;;;;;;;;;;;;;;;;;;;;
21:30:00;900;4;;;;;;;;;;;;;;;;;;;;;;;;;;;;;;;;
21:45:00;900;1;;;;;;;;;;;;;;;;;;;;;;;;;;;;;;;;
21:45:00;900;2;;;;;;;;;;;;;;;;;;;;;;;;;;;;;;;;
21:45:00;900;3;;;;;;;;;;;;;;;;;;;;;;;;;;;;;;;;
21:45:00;900;4;;;;;;;;;;;;;;;;;;;;;;;;;;;;;;;;
22:00:00;900;1;;;;;;;;;;;;;;;;;;;;;;;;;;;;;;;;
22:00:00;900;2;;;;;;;;;;;;;;;;;;;;;;;;;;;;;;;;
22:00:00;900;3;;;;;;;;;;;;;;;;;;;;;;;;;;;;;;;;
22:00:00;900;4;;;;;;;;;;;;;;;;;;;;;;;;;;;;;;;;
22:15:00;900;1;;;;;;;;;;;;;;;;;;;;;;;;;;;;;;;;
22:15:00;900;2;;;;;;;;;;;;;;;;;;;;;;;;;;;;;;;;
22:15:00;900;3;;;;;;;;;;;;;;;;;;;;;;;;;;;;;;;;
22:15:00;900;4;;;;;;;;;;;;;;;;;;;;;;;;;;;;;;;;
22:30:00;900;1;;;;;;;;;;;;;;;;;;;;;;;;;;;;;;;;
22:30:00;900;2;;;;;;;;;;;;;;;;;;;;;;;;;;;;;;;;
22:30:00;900;3;;;;;;;;;;;;;;;;;;;;;;;;;;;;;;;;
22:30:00;900;4;;;;;;;;;;;;;;;;;;;;;;;;;;;;;;;;
22:45:00;900;1;;;;;;;;;;;;;;;;;;;;;;;;;;;;;;;;
22:45:00;900;2;;;;;;;;;;;;;;;;;;;;;;;;;;;;;;;;
22:45:00;900;3;;;;;;;;;;;;;;;;;;;;;;;;;;;;;;;;
22:45:00;900;4;;;;;;;;;;;;;;;;;;;;;;;;;;;;;;;;
23:00:00;900;1;;;;;;;;;;;;;;;;;;;;;;;;;;;;;;;;
23:00:00;900;2;;;;;;;;;;;;;;;;;;;;;;;;;;;;;;;;
23:00:00;900;3;;;;;;;;;;;;;;;;;;;;;;;;;;;;;;;;
23:00:00;900;4;;;;;;;;;;;;;;;;;;;;;;;;;;;;;;;;
23:15:00;900;1;;;;;;;;;;;;;;;;;;;;;;;;;;;;;;;;
23:15:00;900;2;;;;;;;;;;;;;;;;;;;;;;;;;;;;;;;;
23:15:00;900;3;;;;;;;;;;;;;;;;;;;;;;;;;;;;;;;;
23:15:00;900;4;;;;;;;;;;;;;;;;;;;;;;;;;;;;;;;;
23:30:00;900;1;;;;;;;;;;;;;;;;;;;;;;;;;;;;;;;;
23:30:00;900;2;;;;;;;;;;;;;;;;;;;;;;;;;;;;;;;;
23:30:00;900;3;;;;;;;;;;;;;;;;;;;;;;;;;;;;;;;;
23:30:00;900;4;;;;;;;;;;;;;;;;;;;;;;;;;;;;;;;;
23:45:00;900;1;;;;;;;;;;;;;;;;;;;;;;;;;;;;;;;;
23:45:00;900;2;;;;;;;;;;;;;;;;;;;;;;;;;;;;;;;;
23:45:00;900;3;;;;;;;;;;;;;;;;;;;;;;;;;;;;;;;;
23:45:00;900;4;;;;;;;;;;;;;;;;;;;;;;;;;;;;;;;;
24:00:00;900;1;;;;;;;;;;;;;;;;;;;;;;;;;;;;;;;;
24:00:00;900;2;;;;;;;;;;;;;;;;;;;;;;;;;;;;;;;;
24:00:00;900;3;;;;;;;;;;;;;;;;;;;;;;;;;;;;;;;;
24:00:00;900;4;;;;;;;;;;;;;;;;;;;;;;;;;;;;;;;;
