;Addr;S_OLD;S_NEW;U_DC_0;I_DC_0;P_DC_WR;U_AC_0;I_AC_0;P_AC_WR;T_WR;E_D_WR;U_DC_1;I_DC_1;P_DC_1;U_DC_2;I_DC_2;P_DC_2;U_DC_3;I_DC_3;P_DC_3;U_AC_1;I_AC_1;P_AC_1;U_AC_2;I_AC_2;P_AC_2;U_AC_3;I_AC_3;P_AC_3;COS_PHI;;;;
;;;;V;A;W;V;A;W;°C;Wh;V;A;W;V;A;W;V;A;W;V;A;W;V;A;W;V;A;W;;;;;
04:59:45;4;1;3;301.3;0.00;0;223.2;0.00;0;14;0;;;;;;;;;;;;;;;;;;;;;0;0;0.0
05:00:04;3;1;3;278.3;0.00;0;223.5;0.00;0;14;0;;;;;;;;;;;;;;;;;;;;;0;0;0.0
05:01:41;2;1;3;326.3;0.00;0;222.4;0.00;0;14;0;;;;;;;;;;;;;;;;;;;;;0;0;0.0
05:04:11;2;3;1;244.4;0.04;9;221.9;0.04;9;14;0;;;;;;;;;;;;;;;;;;;;;0;0;0.0
05:07:14;2;1;3;332.9;0.00;0;221.3;0.00;0;14;0;;;;;;;;;;;;;;;;;;;;;0;0;0.0
05:09:15;1;1;3;241.9;0.00;0;223.3;0.00;0;14;0;;;;;;;;;;;;;;;;;;;;;0;0;0.0
05:11:48;1;3;1;226.8;0.00;0;223.0;0.00;0;14;0;;;;;;;;;;;;;;;;;;;;;0;0;0.0
05:14:51;1;1;3;320.2;0.00;0;221.9;0.00;0;14;0;;;;;;;;;;;;;;;;;;;;;0;0;0.0
05:24:49;3;3;4;200.0;0.46;92;219.9;0.40;89;16;13;;;;;;;;;;;;;;;;;;;;;0;0;0.0
05:26:56;4;3;4;199.9;0.45;90;220.1;0.39;87;16;14;;;;;;;;;;;;;;;;;;;;;0;0;0.0
05:28:02;2;3;4;199.9;0.46;92;218.5;0.40;88;16;16;;;;;;;;;;;;;;;;;;;;;0;0;0.0
05:29:26;1;3;4;200.0;0.44;87;222.6;0.38;84;15;13;;;;;;;;;;;;;;;;;;;;;0;0;0.0
05:29:30;1;4;3;200.3;0.45;90;222.5;0.39;87;15;13;;;;;;;;;;;;;;;;;;;;;0;0;0.0
05:30:16;1;3;4;200.0;0.44;88;222.6;0.38;85;15;0;;;;;;;;;;;;;;;;;;;;;0;0;0.0
05:30:24;1;4;3;200.0;0.49;97;222.4;0.42;94;15;0;;;;;;;;;;;;;;;;;;;;;0;0;0.0
05:30:50;1;3;4;200.0;0.48;95;222.6;0.41;92;15;1;;;;;;;;;;;;;;;;;;;;;0;0;0.0
05:30:54;1;4;3;199.9;0.48;95;222.5;0.41;92;15;1;;;;;;;;;;;;;;;;;;;;;0;0;0.0
05:31:04;1;3;4;199.9;0.50;99;222.8;0.43;95;15;1;;;;;;;;;;;;;;;;;;;;;0;0;0.0
05:31:12;1;4;3;207.4;0.44;91;222.9;0.39;88;15;1;;;;;;;;;;;;;;;;;;;;;0;0;0.0
05:32:26;1;4;3;215.5;0.48;104;222.5;0.45;100;15;3;;;;;;;;;;;;;;;;;;;;;0;0;0.0
05:32:38;4;4;64;270.9;0.52;143;222.2;0.62;137;16;5;;;;;;;;;;;;;;;;;;;;;0;0;0.0
05:32:39;1;3;4;201.3;0.49;99;222.7;0.42;95;15;3;;;;;;;;;;;;;;;;;;;;;0;0;0.0
05:32:42;4;64;4;292.6;0.48;142;221.9;0.61;136;16;6;;;;;;;;;;;;;;;;;;;;;0;0;0.0
05:39:12;4;4;64;269.7;0.65;175;223.5;0.75;168;17;23;;;;;;;;;;;;;;;;;;;;;0;0;0.0
05:39:16;4;64;4;281.3;0.64;180;223.4;0.77;173;17;23;;;;;;;;;;;;;;;;;;;;;0;0;0.0
12:28:19;1;4;3;201.6;0.48;98;222.0;0.42;94;42;78;;;;;;;;;;;;;;;;;;;;;0;0;0.0
12:29:20;4;4;3;281.0;0.35;99;221.2;0.43;95;43;89;;;;;;;;;;;;;;;;;;;;;0;0;0.0
12:29:27;3;4;3;263.5;0.42;110;220.7;0.48;106;42;92;;;;;;;;;;;;;;;;;;;;;0;0;0.0
12:29:30;2;4;3;291.5;0.34;99;220.1;0.43;95;43;89;;;;;;;;;;;;;;;;;;;;;0;0;0.0
12:29:31;3;3;4;284.9;0.40;113;220.8;0.49;108;42;92;;;;;;;;;;;;;;;;;;;;;0;0;0.0
12:29:48;3;4;3;260.2;0.38;100;220.8;0.43;96;42;93;;;;;;;;;;;;;;;;;;;;;0;0;0.0
12:40:25;2;3;4;213.9;0.42;91;220.3;0.40;87;40;10;;;;;;;;;;;;;;;;;;;;;0;0;0.0
12:40:28;1;3;4;200.0;0.48;96;222.9;0.41;93;40;8;;;;;;;;;;;;;;;;;;;;;0;0;0.0
12:40:34;3;3;4;200.0;0.47;94;220.9;0.41;91;40;11;;;;;;;;;;;;;;;;;;;;;0;0;0.0
12:40:49;4;3;4;200.0;0.47;95;221.5;0.41;91;41;10;;;;;;;;;;;;;;;;;;;;;0;0;0.0
12:41:49;4;4;64;274.8;0.55;151;221.7;0.65;145;41;12;;;;;;;;;;;;;;;;;;;;;0;0;0.0
12:41:53;4;64;4;272.2;0.55;149;221.9;0.64;143;41;12;;;;;;;;;;;;;;;;;;;;;0;0;0.0
12:42:28;3;4;64;280.0;0.64;178;221.2;0.77;171;40;16;;;;;;;;;;;;;;;;;;;;;0;0;0.0
12:42:32;3;64;4;279.2;0.67;188;220.8;0.82;181;40;16;;;;;;;;;;;;;;;;;;;;;0;0;0.0
12:44:00;1;4;64;234.7;0.72;169;222.2;0.73;162;39;15;;;;;;;;;;;;;;;;;;;;;0;0;0.0
12:44:04;1;64;4;224.5;0.75;168;222.4;0.72;161;39;16;;;;;;;;;;;;;;;;;;;;;0;0;0.0
12:44:58;1;4;64;214.3;0.89;190;222.2;0.82;182;39;18;;;;;;;;;;;;;;;;;;;;;0;0;0.0
12:45:02;1;64;4;227.0;0.81;183;222.0;0.79;176;39;0;;;;;;;;;;;;;;;;;;;;;0;0;0.0
15:27:21;1;4;3;204.0;0.44;90;221.8;0.39;86;34;90;;;;;;;;;;;;;;;;;;;;;0;0;0.0
15:28:56;4;4;3;277.8;0.35;99;220.0;0.43;95;36;117;;;;;;;;;;;;;;;;;;;;;0;0;0.0
15:29:00;4;3;4;271.5;0.34;92;220.4;0.40;88;36;118;;;;;;;;;;;;;;;;;;;;;0;0;0.0
15:29:02;2;4;3;264.0;0.36;95;218.7;0.42;91;35;116;;;;;;;;;;;;;;;;;;;;;0;0;0.0
15:29:04;4;4;3;267.5;0.34;91;220.4;0.40;87;36;118;;;;;;;;;;;;;;;;;;;;;0;0;0.0
15:29:07;3;4;3;271.3;0.39;105;218.7;0.46;101;35;121;;;;;;;;;;;;;;;;;;;;;0;0;0.0
15:29:11;3;3;4;270.9;0.38;102;219.2;0.45;98;35;121;;;;;;;;;;;;;;;;;;;;;0;0;0.0
15:29:15;3;4;3;272.0;0.36;98;219.2;0.43;94;35;121;;;;;;;;;;;;;;;;;;;;;0;0;0.0
15:35:00;1;3;1;200.0;0.00;0;221.1;0.00;0;33;1;;;;;;;;;;;;;;;;;;;;;0;0;0.0
15:37:58;1;1;3;273.9;0.00;0;221.1;0.00;0;32;1;;;;;;;;;;;;;;;;;;;;;0;0;0.0
15:40:06;1;3;1;179.2;0.00;0;221.4;0.00;0;32;1;;;;;;;;;;;;;;;;;;;;;0;0;0.0
15:40:13;2;1;3;310.9;0.00;0;219.0;0.00;0;34;3;;;;;;;;;;;;;;;;;;;;;0;0;0.0
15:41:12;4;3;1;199.9;0.00;0;220.6;0.00;0;34;2;;;;;;;;;;;;;;;;;;;;;0;0;0.0
15:41:50;3;3;1;199.9;0.00;0;219.9;0.00;0;33;4;;;;;;;;;;;;;;;;;;;;;0;0;0.0
15:42:37;2;3;1;232.9;0.00;0;219.0;0.00;0;33;3;;;;;;;;;;;;;;;;;;;;;0;0;0.0
15:44:12;4;1;3;278.5;0.00;0;220.0;0.00;0;34;2;;;;;;;;;;;;;;;;;;;;;0;0;0.0
15:45:17;3;1;3;285.1;0.00;0;219.1;0.00;0;33;0;;;;;;;;;;;;;;;;;;;;;0;0;0.0
15:45:18;4;3;1;201.4;0.00;0;220.8;0.00;0;34;0;;;;;;;;;;;;;;;;;;;;;0;0;0.0
15:45:48;3;3;1;205.4;0.00;0;220.4;0.00;0;33;0;;;;;;;;;;;;;;;;;;;;;0;0;0.0
16:40:53;2;1;2;212.4;0.00;0;219.4;0.00;0;28;0;;;;;;;;;;;;;;;;;;;;;0;0;0.0
16:40:59;2;2;1;1.9;0.00;0;219.7;0.00;0;28;0;;;;;;;;;;;;;;;;;;;;;0;0;0.0
16:43:45;1;1;2;80.2;0.00;0;222.7;0.00;0;26;0;;;;;;;;;;;;;;;;;;;;;0;0;0.0
16:51:25;4;1;2;80.2;0.00;0;220.9;0.00;0;27;0;;;;;;;;;;;;;;;;;;;;;0;0;0.0
16:54:58;2;1;2;80.2;0.00;0;219.7;0.00;0;27;0;;;;;;;;;;;;;;;;;;;;;0;0;0.0
16:56:22;3;1;2;81.9;0.00;0;221.7;0.00;0;27;0;;;;;;;;;;;;;;;;;;;;;0;0;0.0
