;Addr;S_OLD;S_NEW;U_DC_0;I_DC_0;P_DC_WR;U_AC_0;I_AC_0;P_AC_WR;T_WR;E_D_WR;U_DC_1;I_DC_1;P_DC_1;U_DC_2;I_DC_2;P_DC_2;U_DC_3;I_DC_3;P_DC_3;U_AC_1;I_AC_1;P_AC_1;U_AC_2;I_AC_2;P_AC_2;U_AC_3;I_AC_3;P_AC_3;COS_PHI;;;;
;;;;V;A;W;V;A;W;°C;Wh;V;A;W;V;A;W;V;A;W;V;A;W;V;A;W;V;A;W;;;;;
05:25:57;3;1;3;303.2;0.00;0;225.3;0.00;0;16;0;;;;;;;;;;;;;;;;;;;;;0;0;0.0
05:26:52;4;1;3;302.0;0.00;0;224.7;0.00;0;16;0;;;;;;;;;;;;;;;;;;;;;0;0;0.0
05:28:14;2;1;3;326.1;0.00;0;223.9;0.00;0;16;0;;;;;;;;;;;;;;;;;;;;;0;0;0.0
05:34:24;1;1;3;312.4;0.00;0;226.1;0.00;0;16;0;;;;;;;;;;;;;;;;;;;;;0;0;0.0
05:41:12;3;3;4;200.0;0.45;91;225.0;0.39;87;17;11;;;;;;;;;;;;;;;;;;;;;0;0;0.0
05:45:04;4;3;4;200.0;0.43;87;225.1;0.37;83;17;0;;;;;;;;;;;;;;;;;;;;;0;0;0.0
05:46:17;4;4;64;278.6;0.49;138;224.8;0.59;132;17;3;;;;;;;;;;;;;;;;;;;;;0;0;0.0
05:46:19;2;3;4;199.9;0.47;94;224.2;0.40;91;17;2;;;;;;;;;;;;;;;;;;;;;0;0;0.0
05:46:21;4;64;4;273.4;0.49;135;225.2;0.57;129;17;3;;;;;;;;;;;;;;;;;;;;;0;0;0.0
05:47:32;1;3;4;200.0;0.47;94;225.6;0.40;90;17;3;;;;;;;;;;;;;;;;;;;;;0;0;0.0
05:47:36;1;4;3;200.0;0.49;97;226.0;0.41;94;17;3;;;;;;;;;;;;;;;;;;;;;0;0;0.0
05:47:44;1;3;4;200.0;0.49;98;226.0;0.42;94;17;3;;;;;;;;;;;;;;;;;;;;;0;0;0.0
06:01:29;1;4;64;225.1;0.83;186;225.6;0.79;179;17;5;;;;;;;;;;;;;;;;;;;;;0;0;0.0
06:01:33;1;64;4;225.8;0.81;183;225.0;0.78;176;17;5;;;;;;;;;;;;;;;;;;;;;0;0;0.0
06:06:21;1;4;64;217.0;0.79;172;225.3;0.73;165;18;19;;;;;;;;;;;;;;;;;;;;;0;0;0.0
06:06:25;1;64;4;216.0;0.81;175;225.4;0.74;168;18;19;;;;;;;;;;;;;;;;;;;;;0;0;0.0
06:08:51;1;4;64;228.2;0.73;166;224.5;0.71;159;18;26;;;;;;;;;;;;;;;;;;;;;0;0;0.0
06:08:55;1;64;4;235.4;0.72;170;225.0;0.73;163;18;26;;;;;;;;;;;;;;;;;;;;;0;0;0.0
06:09:57;1;4;64;217.0;0.80;173;224.8;0.74;166;18;29;;;;;;;;;;;;;;;;;;;;;0;0;0.0
06:10:01;1;64;4;207.9;0.80;167;224.7;0.71;160;18;29;;;;;;;;;;;;;;;;;;;;;0;0;0.0
06:11:59;1;4;64;243.5;0.78;190;225.8;0.81;182;18;35;;;;;;;;;;;;;;;;;;;;;0;0;0.0
06:12:03;1;64;4;253.7;0.73;185;225.8;0.79;178;18;35;;;;;;;;;;;;;;;;;;;;;0;0;0.0
07:03:33;1;4;64;217.9;0.89;194;225.4;0.83;187;20;10;;;;;;;;;;;;;;;;;;;;;0;0;0.0
07:03:37;1;64;4;227.1;0.83;190;225.5;0.81;182;20;10;;;;;;;;;;;;;;;;;;;;;0;0;0.0
08:00:06;1;4;64;208.6;0.80;167;223.5;0.72;161;22;0;;;;;;;;;;;;;;;;;;;;;0;0;0.0
08:00:10;1;64;4;227.1;0.76;172;223.5;0.74;165;22;1;;;;;;;;;;;;;;;;;;;;;0;0;0.0
08:03:14;1;4;64;230.6;0.83;191;223.0;0.82;184;22;9;;;;;;;;;;;;;;;;;;;;;0;0;0.0
08:03:18;1;64;4;245.8;0.78;191;222.5;0.82;183;22;9;;;;;;;;;;;;;;;;;;;;;0;0;0.0
13:26:16;1;4;64;220.2;0.75;167;222.8;0.72;160;38;60;;;;;;;;;;;;;;;;;;;;;0;0;0.0
13:26:20;1;64;4;209.3;0.76;160;222.8;0.69;153;38;61;;;;;;;;;;;;;;;;;;;;;0;0;0.0
15:55:45;4;4;64;265.3;0.57;153;223.5;0.65;146;35;50;;;;;;;;;;;;;;;;;;;;;0;0;0.0
15:55:49;4;64;4;254.7;0.57;146;223.1;0.63;140;35;50;;;;;;;;;;;;;;;;;;;;;0;0;0.0
15:56:10;1;4;3;200.0;0.48;96;224.0;0.41;93;32;39;;;;;;;;;;;;;;;;;;;;;0;0;0.0
15:57:17;2;4;3;270.5;0.40;108;222.3;0.47;104;34;52;;;;;;;;;;;;;;;;;;;;;0;0;0.0
15:57:23;4;4;3;251.3;0.39;98;223.4;0.42;94;35;53;;;;;;;;;;;;;;;;;;;;;0;0;0.0
15:57:30;3;4;3;245.6;0.44;107;224.6;0.46;103;34;56;;;;;;;;;;;;;;;;;;;;;0;0;0.0
15:57:34;3;3;4;270.8;0.42;113;224.4;0.48;108;34;56;;;;;;;;;;;;;;;;;;;;;0;0;0.0
15:57:38;3;4;3;260.1;0.40;105;224.5;0.45;101;34;56;;;;;;;;;;;;;;;;;;;;;0;0;0.0
16:03:10;1;3;1;199.8;0.00;0;223.7;0.00;0;32;0;;;;;;;;;;;;;;;;;;;;;0;0;0.0
16:06:12;1;1;3;301.2;0.00;0;223.7;0.00;0;31;0;;;;;;;;;;;;;;;;;;;;;0;0;0.0
16:16:31;3;3;4;200.0;0.50;99;224.0;0.42;95;32;2;;;;;;;;;;;;;;;;;;;;;0;0;0.0
16:17:08;4;3;4;200.0;0.47;94;222.8;0.41;90;33;2;;;;;;;;;;;;;;;;;;;;;0;0;0.0
16:17:20;2;3;4;199.9;0.46;93;222.0;0.40;89;32;3;;;;;;;;;;;;;;;;;;;;;0;0;0.0
16:17:24;2;4;3;199.9;0.47;94;221.2;0.41;90;32;3;;;;;;;;;;;;;;;;;;;;;0;0;0.0
16:17:27;1;3;4;225.9;0.38;85;223.1;0.37;82;31;2;;;;;;;;;;;;;;;;;;;;;0;0;0.0
16:17:31;1;4;3;225.8;0.39;88;223.9;0.38;84;31;3;;;;;;;;;;;;;;;;;;;;;0;0;0.0
16:17:36;2;3;4;199.9;0.47;94;221.9;0.41;90;32;4;;;;;;;;;;;;;;;;;;;;;0;0;0.0
16:17:59;1;3;4;216.6;0.43;93;224.0;0.40;89;31;3;;;;;;;;;;;;;;;;;;;;;0;0;0.0
16:18:15;1;4;3;211.4;0.50;105;224.0;0.45;101;31;4;;;;;;;;;;;;;;;;;;;;;0;0;0.0
16:18:19;1;3;4;200.0;0.49;99;223.7;0.42;95;31;4;;;;;;;;;;;;;;;;;;;;;0;0;0.0
16:22:03;1;4;64;224.6;0.78;175;224.6;0.75;168;30;12;;;;;;;;;;;;;;;;;;;;;0;0;0.0
16:22:11;1;64;4;207.8;0.81;169;224.7;0.72;162;30;12;;;;;;;;;;;;;;;;;;;;;0;0;0.0
16:33:20;1;4;3;233.0;0.42;97;224.5;0.42;94;30;7;;;;;;;;;;;;;;;;;;;;;0;0;0.0
16:33:24;1;3;4;217.1;0.49;106;224.8;0.45;102;30;7;;;;;;;;;;;;;;;;;;;;;0;0;0.0
16:33:28;1;4;3;209.9;0.47;99;224.9;0.42;95;30;7;;;;;;;;;;;;;;;;;;;;;0;0;0.0
16:33:32;1;3;4;199.9;0.47;95;224.8;0.40;91;30;7;;;;;;;;;;;;;;;;;;;;;0;0;0.0
16:33:44;1;4;3;199.8;0.52;103;224.3;0.44;99;30;8;;;;;;;;;;;;;;;;;;;;;0;0;0.0
16:33:52;1;3;4;200.0;0.45;90;224.0;0.39;86;30;8;;;;;;;;;;;;;;;;;;;;;0;0;0.0
16:34:00;1;4;3;220.6;0.43;94;225.0;0.40;91;30;8;;;;;;;;;;;;;;;;;;;;;0;0;0.0
16:39:45;4;4;3;258.1;0.38;99;223.2;0.42;95;32;23;;;;;;;;;;;;;;;;;;;;;0;0;0.0
16:39:49;4;3;4;242.3;0.40;96;223.4;0.42;93;32;23;;;;;;;;;;;;;;;;;;;;;0;0;0.0
16:39:53;4;4;3;230.3;0.40;92;223.1;0.40;88;32;23;;;;;;;;;;;;;;;;;;;;;0;0;0.0
16:39:55;2;4;3;278.1;0.37;104;222.4;0.45;100;31;24;;;;;;;;;;;;;;;;;;;;;0;0;0.0
16:39:59;2;3;4;281.4;0.36;103;222.4;0.44;99;31;24;;;;;;;;;;;;;;;;;;;;;0;0;0.0
16:40:19;2;4;3;273.5;0.36;99;222.2;0.43;95;31;25;;;;;;;;;;;;;;;;;;;;;0;0;0.0
16:40:23;2;3;4;280.4;0.35;100;222.1;0.43;96;31;25;;;;;;;;;;;;;;;;;;;;;0;0;0.0
16:40:31;2;4;3;277.4;0.35;98;222.1;0.42;94;31;25;;;;;;;;;;;;;;;;;;;;;0;0;0.0
16:40:32;3;4;3;275.1;0.40;110;224.7;0.47;106;31;27;;;;;;;;;;;;;;;;;;;;;0;0;0.0
16:40:36;3;3;4;272.9;0.42;115;224.8;0.49;110;31;27;;;;;;;;;;;;;;;;;;;;;0;0;0.0
16:41:42;3;4;3;264.1;0.39;103;224.9;0.44;99;31;29;;;;;;;;;;;;;;;;;;;;;0;0;0.0
16:41:46;3;3;4;246.3;0.42;102;224.8;0.43;98;31;29;;;;;;;;;;;;;;;;;;;;;0;0;0.0
16:42:02;3;4;3;268.5;0.37;99;224.5;0.42;95;31;30;;;;;;;;;;;;;;;;;;;;;0;0;0.0
16:42:07;3;3;4;282.7;0.35;99;224.7;0.42;95;31;30;;;;;;;;;;;;;;;;;;;;;0;0;0.0
16:42:15;3;4;3;263.5;0.38;99;224.6;0.42;95;31;30;;;;;;;;;;;;;;;;;;;;;0;0;0.0
16:50:52;1;3;1;200.3;0.00;0;223.5;0.00;0;29;0;;;;;;;;;;;;;;;;;;;;;0;0;0.0
16:55:28;2;3;1;200.5;0.01;2;222.7;0.01;2;31;2;;;;;;;;;;;;;;;;;;;;;0;0;0.0
16:56:24;1;3;1;215.6;0.00;0;224.1;0.00;0;29;0;;;;;;;;;;;;;;;;;;;;;0;0;0.0
16:58:26;2;1;3;318.7;0.00;0;222.0;0.00;0;30;2;;;;;;;;;;;;;;;;;;;;;0;0;0.0
16:59:27;1;1;3;264.2;0.00;0;224.3;0.00;0;29;0;;;;;;;;;;;;;;;;;;;;;0;0;0.0
17:00:02;1;3;1;180.3;0.00;0;223.9;0.00;0;29;0;;;;;;;;;;;;;;;;;;;;;0;0;0.0
17:00:46;3;3;1;200.0;0.01;2;224.1;0.01;2;30;0;;;;;;;;;;;;;;;;;;;;;0;0;0.0
17:00:58;2;3;1;239.2;0.00;0;222.1;0.00;0;30;0;;;;;;;;;;;;;;;;;;;;;0;0;0.0
17:01:57;4;3;1;200.1;0.00;0;222.7;0.00;0;31;0;;;;;;;;;;;;;;;;;;;;;0;0;0.0
17:03:48;3;1;3;282.1;0.00;0;223.7;0.00;0;30;0;;;;;;;;;;;;;;;;;;;;;0;0;0.0
17:04:03;2;1;3;288.4;0.00;0;220.9;0.00;0;30;0;;;;;;;;;;;;;;;;;;;;;0;0;0.0
17:04:04;3;3;1;176.3;0.00;0;224.0;0.00;0;30;0;;;;;;;;;;;;;;;;;;;;;0;0;0.0
17:04:07;2;3;1;134.3;0.00;0;221.2;0.00;0;30;0;;;;;;;;;;;;;;;;;;;;;0;0;0.0
17:04:56;4;1;3;260.6;0.00;0;222.2;0.00;0;30;0;;;;;;;;;;;;;;;;;;;;;0;0;0.0
17:05:00;4;3;1;113.0;0.00;0;222.3;0.00;0;30;0;;;;;;;;;;;;;;;;;;;;;0;0;0.0
17:17:17;1;1;2;80.0;0.00;0;222.2;0.00;0;27;0;;;;;;;;;;;;;;;;;;;;;0;0;0.0
17:23:55;4;1;2;81.0;0.00;0;220.8;0.00;0;29;0;;;;;;;;;;;;;;;;;;;;;0;0;0.0
17:27:25;2;1;2;80.6;0.00;0;219.7;0.00;0;28;0;;;;;;;;;;;;;;;;;;;;;0;0;0.0
17:29:13;3;1;2;80.7;0.00;0;222.4;0.00;0;28;0;;;;;;;;;;;;;;;;;;;;;0;0;0.0
